0.0000000000e+000    1.9031499529e+001
2.7803000000e-004    2.1629485795e+001
4.9139000000e-004    3.0693381636e+001
6.1446000000e-004    5.4074038801e+001
6.9344000000e-004    9.2013620518e+001
8.0811000000e-004    1.3314094628e+002
9.0256000000e-004    1.6012472558e+002
9.8158000000e-004    1.6184894545e+002
1.0847900000e-003    1.4233763008e+002
1.2107700000e-003    1.1850558023e+002
1.3279200000e-003    1.0807878588e+002
1.4113400000e-003    1.1750421405e+002
1.4692400000e-003    1.3956503849e+002
1.5261600000e-003    1.6175888120e+002
1.5921400000e-003    1.7721590896e+002
1.6370000000e-003    1.8846548890e+002
1.6427200000e-003    2.0174384028e+002
1.6647300000e-003    2.1854514260e+002
1.7227500000e-003    2.3322756598e+002
1.7795400000e-003    2.3897099628e+002
1.8787500000e-003    2.3582678401e+002
1.9633000000e-003    2.3241372855e+002
2.0241400000e-003    2.3908723534e+002
2.2075700000e-003    2.5893765003e+002
2.3959200000e-003    2.8534230639e+002
2.5335100000e-003    3.0858265454e+002
2.7911100000e-003    3.2520912814e+002
3.0718100000e-003    3.4099929155e+002
3.3488200000e-003    3.6441239577e+002
3.5633700000e-003    3.9670544446e+002
3.7517200000e-003    4.2844049589e+002
3.8939900000e-003    4.4639086202e+002
4.0406000000e-003    4.4507797194e+002
4.1954000000e-003    4.3251608086e+002
4.2714300000e-003    4.2467610232e+002
4.3448300000e-003    4.3323668760e+002
4.4957900000e-003    4.5714492542e+002
4.6207200000e-003    4.8497371387e+002
5.0966000000e-003    5.0541680121e+002
5.2887500000e-003    5.1636752804e+002
5.6461500000e-003    5.2495421741e+002
5.8709800000e-003    5.3947343879e+002
6.2050200000e-003    5.6127069678e+002
6.3244600000e-003    5.8393682354e+002
6.3132300000e-003    5.9987593777e+002
6.1248500000e-003    6.0752356284e+002
6.1122400000e-003    6.1245390057e+002
6.0153300000e-003    6.2185301739e+002
6.1732600000e-003    6.3806593775e+002
6.4533800000e-003    6.5729742855e+002
6.8253500000e-003    6.7413179675e+002
7.2766500000e-003    6.8690973259e+002
7.5550500000e-003    6.9859197358e+002
7.9030900000e-003    7.1262741020e+002
7.8073800000e-003    7.2844537122e+002
7.7754100000e-003    7.4144406170e+002
8.0334500000e-003    7.4765029594e+002
8.3170300000e-003    7.4837485882e+002
8.6263400000e-003    7.5002645792e+002
9.0007700000e-003    7.5891323484e+002
9.3974300000e-003    7.7575054865e+002
9.7079400000e-003    7.9494859914e+002
9.9548500000e-003    8.0928609207e+002
1.0076470000e-002    8.1564363757e+002
1.0333940000e-002    8.1674955188e+002
1.0527140000e-002    8.1787382406e+002
1.0533430000e-002    8.2208416566e+002
1.0581360000e-002    8.2857966734e+002
1.0655310000e-002    8.3514036519e+002
1.0789320000e-002    8.4154837743e+002
1.1026850000e-002    8.5011963651e+002
1.1202080000e-002    8.6277899699e+002
1.1373120000e-002    8.7792179008e+002
1.1523210000e-002    8.9070041953e+002
1.1745870000e-002    8.9693752475e+002
1.1829070000e-002    8.9707031397e+002
1.1909190000e-002    8.9622866454e+002
1.2105780000e-002    9.0012353087e+002
1.2369580000e-002    9.1040393265e+002
1.2700660000e-002    9.2365094512e+002
1.3044510000e-002    9.3473948955e+002
1.3296320000e-002    9.4126946946e+002
1.3533970000e-002    9.4500468893e+002
1.3840880000e-002    9.4935941993e+002
1.4105410000e-002    9.5578276204e+002
1.4340230000e-002    9.6269024192e+002
1.4547630000e-002    9.6775607362e+002
1.4757290000e-002    9.7089401412e+002
1.5039700000e-002    9.7464761075e+002
1.5301050000e-002    9.8151690302e+002
1.5700550000e-002    9.9103457789e+002
1.6115510000e-002    9.9977709140e+002
1.6542920000e-002    1.0045422850e+003
1.6966540000e-002    1.0056271702e+003
1.7346200000e-002    1.0068670240e+003
1.7702110000e-002    1.0122022424e+003
1.7999040000e-002    1.0219766444e+003
1.8421490000e-002    1.0325206931e+003
1.8829030000e-002    1.0394523482e+003
1.9192770000e-002    1.0415813997e+003
1.9603220000e-002    1.0417869638e+003
2.0067280000e-002    1.0442079799e+003
2.0579510000e-002    1.0505803566e+003
2.1101860000e-002    1.0591644509e+003
2.1630970000e-002    1.0669569600e+003
2.2157450000e-002    1.0726356094e+003
2.2691520000e-002    1.0772073258e+003
2.3283180000e-002    1.0819849664e+003
2.3985990000e-002    1.0864444989e+003
2.4584090000e-002    1.0886048674e+003
2.5212480000e-002    1.0877068743e+003
2.5816960000e-002    1.0861871279e+003
2.6293900000e-002    1.0883255435e+003
2.6727900000e-002    1.0963349163e+003
2.7194620000e-002    1.1076538510e+003
2.7698970000e-002    1.1165317622e+003
2.8248610000e-002    1.1189686668e+003
2.8798020000e-002    1.1165319899e+003
2.9415010000e-002    1.1151948204e+003
3.0088570000e-002    1.1198762094e+003
3.0740260000e-002    1.1296130354e+003
3.1363110000e-002    1.1380435747e+003
3.1978920000e-002    1.1390883994e+003
3.2635960000e-002    1.1327618639e+003
3.3324120000e-002    1.1256854470e+003
3.4011620000e-002    1.1256228411e+003
3.4693130000e-002    1.1348673856e+003
3.5283210000e-002    1.1484128176e+003
3.5892610000e-002    1.1584570177e+003
3.6511230000e-002    1.1610213184e+003
3.7132750000e-002    1.1587072904e+003
3.7776760000e-002    1.1574225130e+003
3.8417300000e-002    1.1605664651e+003
3.9046710000e-002    1.1662869026e+003
3.9763460000e-002    1.1701183017e+003
4.0543730000e-002    1.1699695443e+003
4.1284720000e-002    1.1682944831e+003
4.1993730000e-002    1.1693433995e+003
4.2671800000e-002    1.1744791204e+003
4.3324790000e-002    1.1805118544e+003
4.3946890000e-002    1.1828877923e+003
4.4524480000e-002    1.1805179112e+003
4.5090940000e-002    1.1771990153e+003
4.5728340000e-002    1.1779208261e+003
4.6491520000e-002    1.1836082990e+003
4.7258240000e-002    1.1897033326e+003
4.7978820000e-002    1.1903913107e+003
4.8692520000e-002    1.1846138737e+003
4.9472350000e-002    1.1778998202e+003
5.0215690000e-002    1.1777974761e+003
5.0938320000e-002    1.1868710806e+003
5.1694050000e-002    1.1998481730e+003
5.2443080000e-002    1.2078525895e+003
5.3173320000e-002    1.2060414519e+003
5.3896860000e-002    1.1976704828e+003
5.4596170000e-002    1.1908654962e+003
5.5257390000e-002    1.1911664951e+003
5.5858080000e-002    1.1968031295e+003
5.6464640000e-002    1.2009644771e+003
5.7154740000e-002    1.1986502993e+003
5.7918510000e-002    1.1914377305e+003
5.8568340000e-002    1.1856927580e+003
5.9366240000e-002    1.1861840514e+003
6.0089520000e-002    1.1914487096e+003
6.0796810000e-002    1.1954000003e+003
6.1508030000e-002    1.1934683988e+003
6.2289180000e-002    1.1871468891e+003
6.3085890000e-002    1.1824753579e+003
6.3899860000e-002    1.1840360156e+003
6.4731960000e-002    1.1904432022e+003
6.5621690000e-002    1.1957543343e+003
6.6570680000e-002    1.1953041504e+003
6.7569020000e-002    1.1901012258e+003
6.8479660000e-002    1.1854668575e+003
6.9400410000e-002    1.1854580037e+003
7.0284970000e-002    1.1888653917e+003
7.1163900000e-002    1.1908934510e+003
7.2125020000e-002    1.1886950797e+003
7.3185260000e-002    1.1848167990e+003
7.4109160000e-002    1.1846415083e+003
7.4954660000e-002    1.1901979369e+003
7.5799430000e-002    1.1968445363e+003
7.6676840000e-002    1.1968510657e+003
7.7583770000e-002    1.1869453636e+003
7.8494750000e-002    1.1723930402e+003
7.9385720000e-002    1.1629946439e+003
8.0298330000e-002    1.1642019535e+003
8.1236160000e-002    1.1717814990e+003
8.2229880000e-002    1.1755906818e+003
8.3183360000e-002    1.1693677074e+003
8.4216640000e-002    1.1572417259e+003
8.5271180000e-002    1.1502882326e+003
8.6298560000e-002    1.1558586202e+003
8.7180820000e-002    1.1697218032e+003
8.8086980000e-002    1.1789399282e+003
8.9083480000e-002    1.1733983882e+003
9.0249820000e-002    1.1553842119e+003
9.1360630000e-002    1.1379489277e+003
9.2474600000e-002    1.1331644648e+003
9.3634550000e-002    1.1411126201e+003
9.4718300000e-002    1.1500844621e+003
9.5746970000e-002    1.1479848389e+003
9.6610810000e-002    1.1341436217e+003
9.7393680000e-002    1.1200876881e+003
9.8269800000e-002    1.1182788888e+003
9.9178630000e-002    1.1295495363e+003
1.0013923000e-001    1.1415630177e+003
1.0119563000e-001    1.1401898947e+003
1.0228739000e-001    1.1230353373e+003
1.0349675000e-001    1.1018499926e+003
1.0486120000e-001    1.0910809510e+003
1.0622304000e-001    1.0935161314e+003
1.0740733000e-001    1.0973814486e+003
1.0857063000e-001    1.0884181846e+003
1.0959009000e-001    1.0653970659e+003
1.1063819000e-001    1.0430865393e+003
1.1177941000e-001    1.0381928401e+003
1.1294631000e-001    1.0510148936e+003
1.1417570000e-001    1.0616739624e+003
1.1548943000e-001    1.0474033678e+003
1.1689862000e-001    1.0066971503e+003
1.1840880000e-001    9.6657821312e+002
1.1985712000e-001    9.6166658860e+002
1.2135082000e-001    9.9908034710e+002
1.2297260000e-001    1.0392495594e+003
1.2459921000e-001    1.0135110142e+003
1.2619319000e-001    8.7034747792e+002
1.2778743000e-001    6.1691631638e+002
1.2938037000e-001    3.2301854141e+002
