0.0000000000e+000    7.1124830534e+000
-2.2787000000e-004    1.1749972922e+001
-4.8544000000e-004    1.5800974590e+001
-6.3992000000e-004    1.9185682050e+001
-6.8192000000e-004    2.2131868496e+001
-6.4186000000e-004    2.5061091385e+001
-6.8901000000e-004    2.8405730498e+001
-7.1582000000e-004    3.2410941594e+001
-7.2453000000e-004    3.6982431934e+001
-7.7836000000e-004    4.1630807308e+001
-6.6824000000e-004    4.5538297831e+001
-5.3522000000e-004    4.7740237739e+001
-6.3159000000e-004    4.7380574249e+001
-4.8784000000e-004    4.3976965947e+001
-4.4941000000e-004    3.7623566035e+001
-1.5693000000e-004    2.9071135460e+001
2.0615000000e-004    1.9652484014e+001
5.0436000000e-004    1.1059620928e+001
6.6364000000e-004    5.0177101032e+000
9.4267000000e-004    2.9298008486e+000
1.0819700000e-003    5.5773686567e+000
1.0605300000e-003    1.2951343276e+001
1.0958800000e-003    2.4258378331e+001
9.7881000000e-004    3.8104652570e+001
9.1075000000e-004    5.2815028188e+001
1.0057300000e-003    6.6810359906e+001
1.1483100000e-003    7.8949532980e+001
1.2745300000e-003    8.8750234750e+001
1.3484900000e-003    9.6432390256e+001
1.5825700000e-003    1.0277359362e+002
1.8841200000e-003    1.0881544702e+002
2.1826700000e-003    1.1550067660e+002
2.4199300000e-003    1.2334217570e+002
2.6987300000e-003    1.3222034172e+002
2.8168100000e-003    1.4137433105e+002
3.1233400000e-003    1.4960298960e+002
3.3359500000e-003    1.5563431188e+002
3.3876100000e-003    1.5857280834e+002
3.3720300000e-003    1.5830538795e+002
3.3930800000e-003    1.5574693805e+002
3.5107000000e-003    1.5283833922e+002
3.5037600000e-003    1.5226608168e+002
3.6943800000e-003    1.5694127645e+002
3.7054700000e-003    1.6934029363e+002
3.5228000000e-003    1.9085329262e+002
3.7230400000e-003    2.2129847628e+002
3.9137500000e-003    2.5873422431e+002
4.1767700000e-003    2.9964230895e+002
4.3775300000e-003    3.3947528823e+002
4.6245100000e-003    3.7347760323e+002
4.9620900000e-003    3.9762215203e+002
5.2825300000e-003    4.0946854549e+002
5.6640900000e-003    4.0875539912e+002
6.0587200000e-003    3.9758714881e+002
6.2788200000e-003    3.8015668123e+002
6.4476300000e-003    3.6204155138e+002
6.5418000000e-003    3.4920277601e+002
6.7385600000e-003    3.4688093988e+002
6.9520200000e-003    3.5860976425e+002
7.1492000000e-003    3.8554625010e+002
7.3874000000e-003    4.2625312020e+002
7.7516200000e-003    4.7697699316e+002
8.1118000000e-003    5.3236434909e+002
8.1836700000e-003    5.8646866167e+002
8.2737000000e-003    6.3384495067e+002
8.4315400000e-003    6.7051426809e+002
8.7222100000e-003    6.9461248568e+002
9.0399800000e-003    7.0660746341e+002
9.2236200000e-003    7.0906044355e+002
9.5720800000e-003    7.0600112227e+002
9.9640200000e-003    7.0206126166e+002
1.0384070000e-002    7.0155348138e+002
1.0851110000e-002    7.0768245695e+002
1.1332870000e-002    7.2203689670e+002
1.1748320000e-002    7.4444269034e+002
1.2114630000e-002    7.7317678090e+002
1.2473240000e-002    8.0546592221e+002
1.2820290000e-002    8.3814071317e+002
1.3150130000e-002    8.6829361941e+002
1.3588370000e-002    8.9380278128e+002
1.4090860000e-002    9.1362593694e+002
1.4630040000e-002    9.2782905725e+002
1.5066650000e-002    9.3737725898e+002
1.5529150000e-002    9.4376652918e+002
1.5957370000e-002    9.4860279909e+002
1.6350450000e-002    9.5323510870e+002
1.6771200000e-002    9.5852408277e+002
1.7258930000e-002    9.6478382244e+002
1.7776030000e-002    9.7188649041e+002
1.8286790000e-002    9.7947690708e+002
1.8827920000e-002    9.8721953394e+002
1.9432400000e-002    9.9499765704e+002
2.0031890000e-002    1.0030038518e+003
2.0448010000e-002    1.0116958494e+003
2.1014230000e-002    1.0216328822e+003
2.1556080000e-002    1.0332434231e+003
2.1964450000e-002    1.0465965406e+003
2.2432620000e-002    1.0612503961e+003
2.2914910000e-002    1.0762324865e+003
2.3407030000e-002    1.0901720260e+003
2.3919560000e-002    1.1015641938e+003
2.4388670000e-002    1.1091092699e+003
2.4870650000e-002    1.1120463807e+003
2.5344490000e-002    1.1103977944e+003
2.5831570000e-002    1.1050567713e+003
2.6292910000e-002    1.0976861022e+003
2.6774930000e-002    1.0904377356e+003
2.7287100000e-002    1.0855461174e+003
2.7871260000e-002    1.0848790506e+003
2.8507990000e-002    1.0895426011e+003
2.9060720000e-002    1.0996276362e+003
2.9568280000e-002    1.1141568237e+003
3.0043430000e-002    1.1312486620e+003
3.0484890000e-002    1.1484687584e+003
3.0982280000e-002    1.1632983551e+003
3.1461980000e-002    1.1736248578e+003
3.2027730000e-002    1.1781542426e+003
3.2652580000e-002    1.1766616153e+003
3.3228720000e-002    1.1700300861e+003
3.3839370000e-002    1.1600720446e+003
3.4484830000e-002    1.1491713901e+003
3.5081660000e-002    1.1398209178e+003
3.5626080000e-002    1.1341486430e+003
3.6260400000e-002    1.1335267105e+003
3.6942830000e-002    1.1383373101e+003
3.7719500000e-002    1.1479362996e+003
3.8473850000e-002    1.1608144689e+003
3.9156470000e-002    1.1749171845e+003
3.9844440000e-002    1.1880534754e+003
4.0556420000e-002    1.1983110725e+003
4.1273530000e-002    1.2043967670e+003
4.1946030000e-002    1.2058402722e+003
4.2651350000e-002    1.2030299553e+003
4.3299160000e-002    1.1970836456e+003
4.3892830000e-002    1.1895899502e+003
4.4482670000e-002    1.1822787527e+003
4.5097670000e-002    1.1766896831e+003
4.5730810000e-002    1.1739030742e+003
4.6365870000e-002    1.1743810010e+003
4.6965400000e-002    1.1779406668e+003
4.7548630000e-002    1.1838543281e+003
4.8151580000e-002    1.1910450272e+003
4.8799140000e-002    1.1983305299e+003
4.9445770000e-002    1.2046619717e+003
5.0159220000e-002    1.2093092956e+003
5.0940670000e-002    1.2119607001e+003
5.1626830000e-002    1.2127242097e+003
5.2352250000e-002    1.2120413377e+003
5.3082420000e-002    1.2105409141e+003
5.3731840000e-002    1.2088718208e+003
5.4321200000e-002    1.2075547358e+003
5.4923860000e-002    1.2068852600e+003
5.5520260000e-002    1.2069062035e+003
5.6217290000e-002    1.2074489692e+003
5.6942640000e-002    1.2082271360e+003
5.7662190000e-002    1.2089533600e+003
5.8375970000e-002    1.2094462416e+003
5.9161700000e-002    1.2096977009e+003
6.0035390000e-002    1.2098825587e+003
6.0822980000e-002    1.2103076483e+003
6.1586740000e-002    1.2113140286e+003
6.2317910000e-002    1.2131587588e+003
6.3089730000e-002    1.2159089987e+003
6.3909290000e-002    1.2193792640e+003
6.4759940000e-002    1.2231327727e+003
6.5578770000e-002    1.2265522131e+003
6.6356230000e-002    1.2289676017e+003
6.7221400000e-002    1.2298134815e+003
6.8233380000e-002    1.2287784152e+003
6.9171030000e-002    1.2259090975e+003
7.0021000000e-002    1.2216399936e+003
7.0846820000e-002    1.2167355334e+003
7.1712410000e-002    1.2121520173e+003
7.2532800000e-002    1.2088458496e+003
7.3300780000e-002    1.2075688248e+003
7.4104970000e-002    1.2086963506e+003
7.4954600000e-002    1.2121290982e+003
7.5844230000e-002    1.2172934792e+003
7.6734050000e-002    1.2232447550e+003
7.7683980000e-002    1.2288533545e+003
7.8682030000e-002    1.2330355024e+003
7.9786390000e-002    1.2349782428e+003
8.0879670000e-002    1.2343091807e+003
8.2066250000e-002    1.2311729685e+003
8.3209520000e-002    1.2261972266e+003
8.4256700000e-002    1.2203554949e+003
8.5290990000e-002    1.2147581724e+003
8.6321100000e-002    1.2104186668e+003
8.7342810000e-002    1.2080472494e+003
8.8346500000e-002    1.2079180717e+003
8.9362910000e-002    1.2098371057e+003
9.0360800000e-002    1.2132146742e+003
9.1331010000e-002    1.2172215862e+003
9.2253840000e-002    1.2209886858e+003
9.3231080000e-002    1.2238005549e+003
9.4224070000e-002    1.2252373295e+003
9.5304050000e-002    1.2252332067e+003
9.6435710000e-002    1.2240424213e+003
9.7705910000e-002    1.2221275384e+003
9.9031910000e-002    1.2200046111e+003
1.0039208000e-001    1.2180899681e+003
1.0164643000e-001    1.2165914696e+003
1.0300662000e-001    1.2154735171e+003
1.0423315000e-001    1.2145035411e+003
1.0545284000e-001    1.2133639415e+003
1.0666935000e-001    1.2117940204e+003
1.0801320000e-001    1.2097168159e+003
1.0928482000e-001    1.2073088520e+003
1.1051888000e-001    1.2049862139e+003
1.1193288000e-001    1.2033041760e+003
1.1343184000e-001    1.2027935230e+003
1.1490601000e-001    1.2037775178e+003
1.1633289000e-001    1.2062230512e+003
1.1787744000e-001    1.2096744960e+003
1.1950601000e-001    1.2132996499e+003
1.2114448000e-001    1.2160482321e+003
1.2285115000e-001    1.2168920091e+003
1.2451989000e-001    1.2150901489e+003
1.2606421000e-001    1.2104112240e+003
1.2762504000e-001    1.2032486238e+003
1.2919305000e-001    1.1945888476e+003
1.3082509000e-001    1.1858274217e+003
1.3241557000e-001    1.1784665519e+003
1.3398989000e-001    1.1737620106e+003
1.3573194000e-001    1.1724049642e+003
1.3764306000e-001    1.1743216869e+003
1.3949054000e-001    1.1786496801e+003
1.4117772000e-001    1.1839075187e+003
1.4312386000e-001    1.1883273538e+003
1.4513986000e-001    1.1902754507e+003
1.4711100000e-001    1.1886589804e+003
1.4905819000e-001    1.1832145622e+003
1.5091148000e-001    1.1745980409e+003
1.5286300000e-001    1.1642412046e+003
1.5507126000e-001    1.1539991856e+003
1.5724638000e-001    1.1456679783e+003
1.5908492000e-001    1.1404904386e+003
1.6136212000e-001    1.1387801823e+003
1.6366473000e-001    1.1397712572e+003
1.6657277000e-001    1.1417505493e+003
1.7039479000e-001    1.1424604740e+003
1.7465064000e-001    1.1396878698e+003
1.7891444000e-001    1.1318990965e+003
1.8338189000e-001    1.1187563834e+003
