0.0000000000e+000    1.6242560659e+000
-1.1340000000e-005    2.4591055948e+001
1.2052000000e-004    4.9894138017e+001
3.4065000000e-004    6.6850287829e+001
3.8566000000e-004    6.9479342172e+001
8.6903000000e-004    5.8771724636e+001
1.1046000000e-003    4.1316867409e+001
1.4299400000e-003    2.5393397976e+001
1.8510600000e-003    1.6738486820e+001
2.2901600000e-003    1.6136816485e+001
2.6149600000e-003    1.9858045531e+001
2.8042300000e-003    2.2466176288e+001
2.6977300000e-003    2.0389183233e+001
2.5738400000e-003    1.4379953811e+001
2.3253100000e-003    9.6559879756e+000
2.1456600000e-003    1.3677398945e+001
2.2045600000e-003    3.2619380110e+001
2.3327000000e-003    6.8132934411e+001
2.2525800000e-003    1.1579698251e+002
2.1964600000e-003    1.6591736873e+002
2.0136500000e-003    2.0639965304e+002
1.7692500000e-003    2.2669053205e+002
1.7517600000e-003    2.2146970704e+002
1.7440900000e-003    1.9290210610e+002
1.7199500000e-003    1.5070975983e+002
1.8328200000e-003    1.0993004824e+002
2.0080800000e-003    8.6853851077e+001
2.2010400000e-003    9.4175959984e+001
2.2294900000e-003    1.3673284384e+002
2.1944100000e-003    2.0922382945e+002
2.0737800000e-003    2.9690625891e+002
1.9844200000e-003    3.7942539333e+002
2.3015100000e-003    4.3687102737e+002
2.5530300000e-003    4.5620887151e+002
2.6394600000e-003    4.3583887026e+002
2.4597500000e-003    3.8646828889e+002
2.3944900000e-003    3.2771767467e+002
2.4939000000e-003    2.8149198273e+002
2.5693700000e-003    2.6449446627e+002
2.7534100000e-003    2.8272146384e+002
3.0972900000e-003    3.3007410870e+002
3.5981600000e-003    3.9158777561e+002
4.0191300000e-003    4.4988451807e+002
4.3835000000e-003    4.9212672590e+002
4.6803200000e-003    5.1459383905e+002
4.9530900000e-003    5.2309990745e+002
5.3474500000e-003    5.2932564968e+002
5.6935400000e-003    5.4490993988e+002
6.1435700000e-003    5.7603205358e+002
6.5815100000e-003    6.2083998019e+002
7.0383900000e-003    6.7066111062e+002
7.5285200000e-003    7.1416997048e+002
8.0308100000e-003    7.4241708932e+002
8.4399000000e-003    7.5240627709e+002
8.9915100000e-003    7.4777622122e+002
9.4922200000e-003    7.3660683101e+002
1.0046650000e-002    7.2768652316e+002
1.0686130000e-002    7.2712441110e+002
1.1426210000e-002    7.3677588370e+002
1.2161370000e-002    7.5486946887e+002
1.2855430000e-002    7.7808421153e+002
1.3568470000e-002    8.0371465632e+002
1.4232730000e-002    8.3073742292e+002
1.4862710000e-002    8.5938593978e+002
1.5495040000e-002    8.8976111216e+002
1.6068350000e-002    9.2053621702e+002
1.6516120000e-002    9.4868540824e+002
1.7004410000e-002    9.7049114570e+002
1.7580810000e-002    9.8328111585e+002
1.8169480000e-002    9.8688057406e+002
1.8587830000e-002    9.8390319548e+002
1.9139940000e-002    9.7865478839e+002
1.9717060000e-002    9.7521088409e+002
2.0339950000e-002    9.7570073008e+002
2.1055120000e-002    9.7971888181e+002
2.1747080000e-002    9.8515462224e+002
2.2411330000e-002    9.8993415864e+002
2.3240830000e-002    9.9365726992e+002
2.4134000000e-002    9.9816652995e+002
2.5000450000e-002    1.0066833665e+003
2.5875700000e-002    1.0219514583e+003
2.6759960000e-002    1.0443988627e+003
2.7611150000e-002    1.0713505007e+003
2.8421210000e-002    1.0977794706e+003
2.9172420000e-002    1.1182738532e+003
2.9892030000e-002    1.1292541039e+003
3.0717380000e-002    1.1303476951e+003
3.1649280000e-002    1.1242746271e+003
3.2517100000e-002    1.1153719517e+003
3.3360760000e-002    1.1075691361e+003
3.4168300000e-002    1.1028591958e+003
3.4977700000e-002    1.1009846953e+003
3.5864380000e-002    1.1003679477e+003
3.6748020000e-002    1.0996455062e+003
3.7679230000e-002    1.0988784503e+003
3.8724740000e-002    1.0997430632e+003
3.9803660000e-002    1.1046133750e+003
4.0890710000e-002    1.1150808114e+003
4.1995650000e-002    1.1307670628e+003
4.3110770000e-002    1.1491135026e+003
4.4296630000e-002    1.1662845474e+003
4.5483930000e-002    1.1787155837e+003
4.6491830000e-002    1.1845038892e+003
4.7405830000e-002    1.1839558902e+003
4.8338760000e-002    1.1790855869e+003
4.9310130000e-002    1.1724266241e+003
5.0293640000e-002    1.1658566887e+003
5.1348440000e-002    1.1600615815e+003
5.2520340000e-002    1.1548468954e+003
5.3669280000e-002    1.1499917586e+003
5.5041360000e-002    1.1460303805e+003
5.6389150000e-002    1.1444154962e+003
5.7676330000e-002    1.1469135605e+003
5.8917310000e-002    1.1545661664e+003
6.0198910000e-002    1.1668388105e+003
6.1390180000e-002    1.1814978525e+003
6.2580930000e-002    1.1953546971e+003
6.3632980000e-002    1.2055249125e+003
6.4627860000e-002    1.2105530788e+003
6.5478290000e-002    1.2108234305e+003
6.6401890000e-002    1.2080727704e+003
6.7413060000e-002    1.2043185281e+003
6.8567190000e-002    1.2008269069e+003
6.9649950000e-002    1.1976961033e+003
7.0683210000e-002    1.1942489974e+003
7.1730520000e-002    1.1899411951e+003
7.2726330000e-002    1.1851796560e+003
7.3915690000e-002    1.1814979276e+003
7.5077190000e-002    1.1809201487e+003
7.6421170000e-002    1.1848445475e+003
7.7738550000e-002    1.1930952162e+003
7.8885520000e-002    1.2037347065e+003
8.0240630000e-002    1.2138194888e+003
8.1766180000e-002    1.2207426053e+003
8.3231910000e-002    1.2234508805e+003
8.4484340000e-002    1.2228611195e+003
8.5748340000e-002    1.2212243174e+003
8.7029310000e-002    1.2207703169e+003
8.8468290000e-002    1.2223811027e+003
8.9905960000e-002    1.2250477061e+003
9.1431340000e-002    1.2264464650e+003
9.2959630000e-002    1.2243478516e+003
9.4488290000e-002    1.2180884463e+003
9.5925630000e-002    1.2092680346e+003
9.7430550000e-002    1.2012294593e+003
9.8988510000e-002    1.1975323690e+003
1.0049463000e-001    1.2001897956e+003
1.0177663000e-001    1.2085908799e+003
1.0308982000e-001    1.2196924987e+003
1.0443328000e-001    1.2294045970e+003
1.0597486000e-001    1.2344705949e+003
1.0753832000e-001    1.2338902180e+003
1.0905467000e-001    1.2291826680e+003
1.1041084000e-001    1.2234050939e+003
1.1171490000e-001    1.2194898772e+003
1.1317206000e-001    1.2187963793e+003
1.1459879000e-001    1.2206175567e+003
1.1607020000e-001    1.2228362363e+003
1.1754756000e-001    1.2232974610e+003
1.1905121000e-001    1.2210975657e+003
1.2065095000e-001    1.2170793981e+003
1.2226907000e-001    1.2133014757e+003
1.2383621000e-001    1.2118366727e+003
1.2550235000e-001    1.2136190796e+003
1.2711401000e-001    1.2179972126e+003
1.2872811000e-001    1.2232146294e+003
1.3032171000e-001    1.2274871754e+003
1.3189918000e-001    1.2300034387e+003
1.3349913000e-001    1.2312398345e+003
1.3538872000e-001    1.2324122682e+003
1.3716920000e-001    1.2344251424e+003
1.3889578000e-001    1.2370024534e+003
1.4027850000e-001    1.2385953743e+003
1.4174650000e-001    1.2371996460e+003
1.4346807000e-001    1.2316501941e+003
1.4509172000e-001    1.2226265670e+003
1.4686132000e-001    1.2127124262e+003
1.4862145000e-001    1.2053628824e+003
1.5023788000e-001    1.2032643578e+003
1.5181223000e-001    1.2069593192e+003
1.5333422000e-001    1.2145145341e+003
1.5481494000e-001    1.2224667868e+003
1.5645870000e-001    1.2275760099e+003
1.5810293000e-001    1.2284479129e+003
1.5966937000e-001    1.2261324136e+003
1.6151879000e-001    1.2233547324e+003
1.6353318000e-001    1.2227983654e+003
1.6562207000e-001    1.2254076799e+003
1.6761370000e-001    1.2296936406e+003
1.6967371000e-001    1.2324820729e+003
1.7155484000e-001    1.2307301107e+003
1.7351971000e-001    1.2234066076e+003
1.7632015000e-001    1.2123513509e+003
1.7990434000e-001    1.2015621782e+003
1.8489521000e-001    1.1952281577e+003
1.9122680000e-001    1.1955504743e+003
1.9608212000e-001    1.2015552801e+003
2.0014776000e-001    1.2095916167e+003
2.0407682000e-001    1.2152866756e+003
2.0782951000e-001    1.2159054210e+003
2.1164225000e-001    1.2118016023e+003
2.1493427000e-001    1.2061199702e+003
2.1863437000e-001    1.2028748119e+003
2.2226017000e-001    1.2044601564e+003
2.2569005000e-001    1.2100140976e+003
2.2941319000e-001    1.2156328946e+003
2.3282799000e-001    1.2164181417e+003
2.3666829000e-001    1.2092898592e+003
2.4076006000e-001    1.1950020891e+003
