0.0000000000e+000    8.3674223116e+000
4.9592000000e-004    2.2910219213e+001
8.1511000000e-004    4.4074737666e+001
1.0270400000e-003    6.9268996000e+001
1.3354500000e-003    9.4951080921e+001
1.4914800000e-003    1.1749766319e+002
1.6453600000e-003    1.3408532601e+002
1.7725200000e-003    1.4336041920e+002
1.8951300000e-003    1.4573161041e+002
1.8365300000e-003    1.4321876038e+002
1.8121900000e-003    1.3890596262e+002
1.7774000000e-003    1.3614615735e+002
1.8446600000e-003    1.3772461420e+002
1.8396500000e-003    1.4519436329e+002
1.9435000000e-003    1.5854798543e+002
1.9185400000e-003    1.7630056448e+002
2.0721200000e-003    1.9595172878e+002
2.1818500000e-003    2.1469817442e+002
2.2465800000e-003    2.3020632450e+002
2.3012500000e-003    2.4124296061e+002
2.3083800000e-003    2.4800189418e+002
2.2868500000e-003    2.5204583591e+002
2.2558100000e-003    2.5588316000e+002
2.2913100000e-003    2.6229323308e+002
2.3242000000e-003    2.7357748143e+002
2.4704000000e-003    2.9093065416e+002
2.6401100000e-003    3.1409408487e+002
2.7766800000e-003    3.4137921417e+002
2.8802800000e-003    3.7005452613e+002
2.7990300000e-003    3.9699686278e+002
2.8191000000e-003    4.1944217133e+002
2.8655100000e-003    4.3564741378e+002
2.8764300000e-003    4.4529986783e+002
2.9168800000e-003    4.4957539950e+002
3.0277700000e-003    4.5083630296e+002
3.0419800000e-003    4.5204911415e+002
3.1433200000e-003    4.5607077383e+002
3.1693400000e-003    4.6498096827e+002
3.2795600000e-003    4.7962280866e+002
3.3835200000e-003    4.9945816178e+002
3.5155300000e-003    5.2276290287e+002
3.5935800000e-003    5.4710214220e+002
3.6509000000e-003    5.6995766086e+002
3.7495400000e-003    5.8934602868e+002
3.8385500000e-003    6.0427377030e+002
3.9533800000e-003    6.1492233090e+002
4.1215600000e-003    6.2252760839e+002
4.2288800000e-003    6.2899742047e+002
4.2524400000e-003    6.3637525836e+002
4.2868000000e-003    6.4629387418e+002
4.3338500000e-003    6.5955955800e+002
4.4244700000e-003    6.7596922816e+002
4.5112800000e-003    6.9439873912e+002
4.5960300000e-003    7.1312928208e+002
4.6837400000e-003    7.3031812896e+002
4.8048300000e-003    7.4448562003e+002
4.9335000000e-003    7.5489035784e+002
5.0690300000e-003    7.6169802306e+002
5.2042500000e-003    7.6590638658e+002
5.3509800000e-003    7.6905434954e+002
5.4653700000e-003    7.7279888079e+002
5.5824000000e-003    7.7847608073e+002
5.7548200000e-003    7.8676339313e+002
5.9863000000e-003    7.9752981253e+002
6.1190000000e-003    8.0990852918e+002
6.2123700000e-003    8.2256621281e+002
6.2920800000e-003    8.3409120321e+002
6.3905000000e-003    8.4339284803e+002
6.5623700000e-003    8.5000362042e+002
6.7623200000e-003    8.5420402654e+002
6.9504100000e-003    8.5693955340e+002
7.1521100000e-003    8.5955549704e+002
7.3559000000e-003    8.6342421735e+002
7.5632900000e-003    8.6956730858e+002
7.8156800000e-003    8.7837520975e+002
8.1076900000e-003    8.8949930409e+002
8.4360700000e-003    9.0194429688e+002
8.7060600000e-003    9.1433450955e+002
8.9194800000e-003    9.2528124716e+002
9.1261900000e-003    9.3375192118e+002
9.3396200000e-003    9.3934199446e+002
9.5693100000e-003    9.4237767148e+002
9.7863800000e-003    9.4382314454e+002
1.0020380000e-002    9.4501868557e+002
1.0258900000e-002    9.4732087376e+002
1.0520450000e-002    9.5174182870e+002
1.0782490000e-002    9.5868382212e+002
1.1020030000e-002    9.6783942062e+002
1.1274770000e-002    9.7828257093e+002
1.1407760000e-002    9.8872485232e+002
1.1779150000e-002    9.9786718256e+002
1.2088670000e-002    1.0047522296e+003
1.2395740000e-002    1.0090231845e+003
1.2690420000e-002    1.0110201064e+003
1.2987950000e-002    1.0116887819e+003
1.3348790000e-002    1.0123271819e+003
1.3679300000e-002    1.0142377739e+003
1.3958020000e-002    1.0183787006e+003
1.4222680000e-002    1.0251067154e+003
1.4526940000e-002    1.0340799468e+003
1.4858340000e-002    1.0443458026e+003
1.5203240000e-002    1.0545900870e+003
1.5540410000e-002    1.0634808002e+003
1.5895920000e-002    1.0700153882e+003
1.6255000000e-002    1.0737798354e+003
1.6649520000e-002    1.0750518897e+003
1.7078450000e-002    1.0747223576e+003
1.7501080000e-002    1.0740566451e+003
1.7959080000e-002    1.0743607087e+003
1.8443590000e-002    1.0766402379e+003
1.8901180000e-002    1.0813428228e+003
1.9413260000e-002    1.0882500276e+003
1.9943490000e-002    1.0965459534e+003
2.0468090000e-002    1.1050419044e+003
2.0958090000e-002    1.1124957068e+003
2.1426560000e-002    1.1179399183e+003
2.1889500000e-002    1.1209319237e+003
2.2430950000e-002    1.1216608207e+003
2.3009250000e-002    1.1208849972e+003
2.3575900000e-002    1.1197197938e+003
2.4157580000e-002    1.1193344076e+003
2.4714900000e-002    1.1206406488e+003
2.5328540000e-002    1.1240571731e+003
2.6041790000e-002    1.1294113396e+003
2.6857420000e-002    1.1360028725e+003
2.7622930000e-002    1.1428094122e+003
2.8316780000e-002    1.1487757920e+003
2.9082600000e-002    1.1531067533e+003
2.9746940000e-002    1.1554827057e+003
3.0568180000e-002    1.1561399205e+003
3.1407830000e-002    1.1557941850e+003
3.2211150000e-002    1.1554301254e+003
3.3037580000e-002    1.1560153340e+003
3.3880350000e-002    1.1582190741e+003
3.4782840000e-002    1.1622140594e+003
3.5677780000e-002    1.1676169885e+003
3.6568800000e-002    1.1735853755e+003
3.7571010000e-002    1.1790451588e+003
3.8539770000e-002    1.1829873449e+003
3.9575900000e-002    1.1847524669e+003
4.0696000000e-002    1.1842242955e+003
4.1864380000e-002    1.1818783973e+003
4.3014480000e-002    1.1786703137e+003
4.4141290000e-002    1.1757917322e+003
4.5299000000e-002    1.1743591875e+003
4.6526870000e-002    1.1751186874e+003
4.7759710000e-002    1.1782459690e+003
4.8980270000e-002    1.1832967447e+003
5.0139180000e-002    1.1893210538e+003
5.1251640000e-002    1.1951115601e+003
5.2339320000e-002    1.1995193356e+003
5.3500660000e-002    1.2017522626e+003
5.4617520000e-002    1.2015757634e+003
5.5865940000e-002    1.1993620007e+003
5.7067700000e-002    1.1959748877e+003
5.8364540000e-002    1.1925230346e+003
5.9657890000e-002    1.1900489198e+003
6.0953300000e-002    1.1892401572e+003
6.2278810000e-002    1.1902427940e+003
6.3657420000e-002    1.1926285818e+003
6.5143010000e-002    1.1955256428e+003
6.6481500000e-002    1.1978764978e+003
6.7764330000e-002    1.1987515475e+003
6.9053360000e-002    1.1976298348e+003
7.0357260000e-002    1.1945669921e+003
7.1654100000e-002    1.1902007991e+003
7.3040360000e-002    1.1855895812e+003
7.4583180000e-002    1.1819255699e+003
7.6134090000e-002    1.1802013166e+003
7.7566610000e-002    1.1809221077e+003
7.8997190000e-002    1.1839465120e+003
8.0460940000e-002    1.1885031926e+003
8.1854380000e-002    1.1933838750e+003
8.3363020000e-002    1.1972629969e+003
8.4892050000e-002    1.1990577817e+003
8.6462210000e-002    1.1982288583e+003
8.8121050000e-002    1.1949354956e+003
8.9813340000e-002    1.1899979154e+003
9.1556860000e-002    1.1846719935e+003
9.3128990000e-002    1.1802946566e+003
9.4647510000e-002    1.1778966438e+003
9.6065900000e-002    1.1778918382e+003
9.7539600000e-002    1.1799346802e+003
9.9071980000e-002    1.1829930956e+003
1.0049806000e-001    1.1856252037e+003
1.0195259000e-001    1.1863897270e+003
1.0355122000e-001    1.1842788183e+003
1.0517698000e-001    1.1790501821e+003
1.0689425000e-001    1.1713575171e+003
1.0851570000e-001    1.1626298882e+003
1.1006212000e-001    1.1547187371e+003
1.1154187000e-001    1.1493978199e+003
1.1318270000e-001    1.1478478926e+003
1.1479051000e-001    1.1502705356e+003
1.1646895000e-001    1.1557487619e+003
1.1824214000e-001    1.1624111395e+003
1.1998428000e-001    1.1678757736e+003
1.2159396000e-001    1.1698714724e+003
1.2324549000e-001    1.1668773685e+003
1.2505854000e-001    1.1586058298e+003
1.2682424000e-001    1.1461835976e+003
1.2860103000e-001    1.1319576012e+003
1.3031990000e-001    1.1189482779e+003
1.3195429000e-001    1.1100703324e+003
1.3369680000e-001    1.1073128800e+003
1.3534151000e-001    1.1110970388e+003
1.3712922000e-001    1.1199992475e+003
1.3903838000e-001    1.1309468610e+003
1.4090477000e-001    1.1398766441e+003
1.4246765000e-001    1.1427243592e+003
1.4411026000e-001    1.1365158275e+003
1.4589869000e-001    1.1202834296e+003
1.4774458000e-001    1.0955523522e+003
1.4953801000e-001    1.0662274853e+003
1.5126458000e-001    1.0378475318e+003
1.5301170000e-001    1.0163272377e+003
1.5478776000e-001    1.0064448973e+003
1.5670832000e-001    1.0104160403e+003
1.5860691000e-001    1.0269019919e+003
1.6049432000e-001    1.0507274716e+003
1.6224616000e-001    1.0734376725e+003
1.6382827000e-001    1.0846425285e+003
1.6551461000e-001    1.0739148742e+003
1.6767836000e-001    1.0328719254e+003
1.6979042000e-001    9.5700925672e+002
1.7108891000e-001    8.4688982666e+002
1.7279000000e-001    7.0841303153e+002
1.7431740000e-001    5.5207518419e+002
1.7499493000e-001    3.9134294296e+002
ENDATA


0.0000000000e+000    3.2570477967e+001
6.1120000000e-005    2.7852832059e+001
4.0773000000e-004    2.0126931625e+001
3.9931000000e-004    1.2181702184e+001
4.4898000000e-004    6.6036690131e+000
6.8630000000e-004    5.1048300772e+000
8.1913000000e-004    8.1289925570e+000
8.7894000000e-004    1.4821470317e+001
9.2437000000e-004    2.3348661767e+001
8.3682000000e-004    3.1464387888e+001
8.2146000000e-004    3.7161256104e+001
9.1361000000e-004    3.9231138481e+001
9.9493000000e-004    3.7590652564e+001
1.2282500000e-003    3.3295093592e+001
1.3710200000e-003    2.8248692052e+001
1.4856500000e-003    2.4697941634e+001
1.5250300000e-003    2.4647971122e+001
1.6182800000e-003    2.9356804228e+001
1.7476100000e-003    3.9036498742e+001
1.8348100000e-003    5.2831791330e+001
1.8197100000e-003    6.9072292587e+001
1.9559500000e-003    8.5723379869e+001
2.2302000000e-003    1.0091197570e+002
2.3211300000e-003    1.1338832514e+002
2.3537300000e-003    1.2280646024e+002
2.4395700000e-003    1.2975742778e+002
2.5623200000e-003    1.3555619854e+002
2.5991700000e-003    1.4184755510e+002
2.6555400000e-003    1.5014145411e+002
2.6484400000e-003    1.6140317748e+002
2.9292900000e-003    1.7580508838e+002
3.3762300000e-003    1.9270084307e+002
2.9913800000e-003    2.1082233713e+002
2.6517400000e-003    2.2864079224e+002
3.0293800000e-003    2.4479161822e+002
3.6011300000e-003    2.5844850039e+002
3.6946100000e-003    2.6954852644e+002
3.5666400000e-003    2.7881194292e+002
3.6166800000e-003    2.8755564359e+002
4.1241900000e-003    2.9735376489e+002
3.9767600000e-003    3.0963754378e+002
4.2499200000e-003    3.2534007727e+002
4.2337300000e-003    3.4467693027e+002
4.2056300000e-003    3.6711529713e+002
4.2338300000e-003    3.9153336054e+002
4.2186300000e-003    4.1652145695e+002
4.0848400000e-003    4.4074087680e+002
4.0568500000e-003    4.6324371779e+002
4.1484900000e-003    4.8367085336e+002
4.2044400000e-003    5.0228046269e+002
4.3649000000e-003    5.1980668171e+002
4.4930500000e-003    5.3719386473e+002
4.6481800000e-003    5.5528438309e+002
4.6240700000e-003    5.7454840571e+002
4.5738200000e-003    5.9493033938e+002
4.6236000000e-003    6.1585277277e+002
4.7260300000e-003    6.3637441343e+002
4.8767600000e-003    6.5545585605e+002
5.0270100000e-003    6.7225763744e+002
5.2019500000e-003    6.8638672534e+002
5.3448300000e-003    6.9802234836e+002
5.5521300000e-003    7.0788562621e+002
5.7348800000e-003    7.1706048746e+002
5.8878000000e-003    7.2671408284e+002
5.9983800000e-003    7.3779227115e+002
6.1291800000e-003    7.5077244220e+002
6.2891500000e-003    7.6554027116e+002
6.4952000000e-003    7.8142335827e+002
6.6828200000e-003    7.9737230734e+002
6.9322900000e-003    8.1224015339e+002
7.2069900000e-003    8.2508485981e+002
7.4162800000e-003    8.3541386671e+002
7.6194000000e-003    8.4330581740e+002
7.7483300000e-003    8.4937813559e+002
7.9274300000e-003    8.5461091481e+002
8.1288100000e-003    8.6007627569e+002
8.2411700000e-003    8.6664750268e+002
8.3693200000e-003    8.7476715058e+002
8.5847200000e-003    8.8433668718e+002
8.7014800000e-003    8.9475670846e+002
8.6224300000e-003    9.0510548533e+002
8.5809600000e-003    9.1440581026e+002
8.8435900000e-003    9.2190607334e+002
9.0487800000e-003    9.2729773172e+002
9.3312000000e-003    9.3080886035e+002
9.5447600000e-003    9.3314752097e+002
9.7741900000e-003    9.3531000362e+002
1.0008150000e-002    9.3830633253e+002
1.0252920000e-002    9.4287858831e+002
1.0488740000e-002    9.4929019804e+002
1.0748820000e-002    9.5724555851e+002
1.1023080000e-002    9.6596415922e+002
1.1297750000e-002    9.7439122005e+002
1.1524650000e-002    9.8148916052e+002
1.1695370000e-002    9.8653125925e+002
1.1780050000e-002    9.8931702157e+002
1.1997020000e-002    9.9024877441e+002
1.2258320000e-002    9.9024568046e+002
1.2505010000e-002    9.9051499430e+002
1.2795540000e-002    9.9223928593e+002
1.3113440000e-002    9.9626200223e+002
1.3430680000e-002    1.0028555843e+003
1.3707300000e-002    1.0116356493e+003
1.3984540000e-002    1.0216467549e+003
1.4253870000e-002    1.0315999422e+003
1.4544770000e-002    1.0402016169e+003
1.4832070000e-002    1.0464882571e+003
1.5104200000e-002    1.0500787761e+003
1.5398070000e-002    1.0512770664e+003
1.5741270000e-002    1.0509960491e+003
1.6113250000e-002    1.0505213470e+003
1.6490830000e-002    1.0511751663e+003
1.6864550000e-002    1.0539678418e+003
1.7200790000e-002    1.0593285271e+003
1.7512030000e-002    1.0669864638e+003
1.7966130000e-002    1.0760352314e+003
1.8444430000e-002    1.0851645410e+003
1.8928600000e-002    1.0930000377e+003
1.9469520000e-002    1.0984628591e+003
2.0090050000e-002    1.1010550217e+003
2.0617710000e-002    1.1009956777e+003
2.1068120000e-002    1.0991720236e+003
2.1557340000e-002    1.0969170399e+003
2.2008910000e-002    1.0956715834e+003
2.2493060000e-002    1.0966187002e+003
2.3024420000e-002    1.1003853461e+003
2.3556790000e-002    1.1068890057e+003
2.4087940000e-002    1.1153686208e+003
2.4598980000e-002    1.1245907743e+003
2.5166930000e-002    1.1331760190e+003
2.5774940000e-002    1.1399587658e+003
2.6552380000e-002    1.1442855845e+003
2.7334470000e-002    1.1461734234e+003
2.8086060000e-002    1.1462867219e+003
2.8829020000e-002    1.1457407481e+003
2.9596010000e-002    1.1457849028e+003
3.0470070000e-002    1.1474518227e+003
3.1495370000e-002    1.1512673087e+003
3.2490330000e-002    1.1570998774e+003
3.3384140000e-002    1.1641913258e+003
3.4256530000e-002    1.1713610371e+003
3.5165650000e-002    1.1773297833e+003
3.6022240000e-002    1.1810760988e+003
3.6968460000e-002    1.1821287212e+003
3.7925270000e-002    1.1807148587e+003
3.8897620000e-002    1.1777219670e+003
3.9851370000e-002    1.1744803329e+003
4.0706530000e-002    1.1724218929e+003
4.1610730000e-002    1.1727044868e+003
4.2599870000e-002    1.1759010277e+003
4.3685710000e-002    1.1818369124e+003
4.4800810000e-002    1.1896204980e+003
4.6032210000e-002    1.1978607067e+003
4.7235340000e-002    1.2050162200e+003
4.8556870000e-002    1.2097855154e+003
4.9907170000e-002    1.2114356559e+003
5.1140650000e-002    1.2099834648e+003
5.2336820000e-002    1.2061814858e+003
5.3722460000e-002    1.2013127589e+003
5.4818020000e-002    1.1968492182e+003
5.6044740000e-002    1.1940648714e+003
5.7421040000e-002    1.1937070267e+003
5.8925600000e-002    1.1958132893e+003
6.0418240000e-002    1.1997228594e+003
6.1871940000e-002    1.2042781984e+003
6.3404130000e-002    1.2081614391e+003
6.4875260000e-002    1.2102729802e+003
6.6383590000e-002    1.2100476521e+003
6.7788220000e-002    1.2076202100e+003
6.9280590000e-002    1.2037925834e+003
7.0757010000e-002    1.1998095332e+003
7.2282440000e-002    1.1970025606e+003
7.4039310000e-002    1.1963995514e+003
7.5551920000e-002    1.1984091730e+003
7.6857080000e-002    1.2026708278e+003
7.8191350000e-002    1.2081173722e+003
7.9572550000e-002    1.2132401841e+003
8.0894090000e-002    1.2164899101e+003
8.2296980000e-002    1.2167067171e+003
8.3856470000e-002    1.2134623162e+003
8.5529280000e-002    1.2072163002e+003
8.7085550000e-002    1.1992367996e+003
8.8567200000e-002    1.1912980167e+003
9.0222730000e-002    1.1852282928e+003
9.1965770000e-002    1.1824254416e+003
9.3577680000e-002    1.1834689407e+003
9.5349000000e-002    1.1879368250e+003
9.7179100000e-002    1.1944835783e+003
9.9059410000e-002    1.2011669237e+003
1.0071034000e-001    1.2059440570e+003
1.0248230000e-001    1.2072096936e+003
1.0444713000e-001    1.2042328661e+003
1.0628144000e-001    1.1973719382e+003
1.0800304000e-001    1.1880029797e+003
1.0972315000e-001    1.1781716542e+003
1.1146327000e-001    1.1700536329e+003
1.1333558000e-001    1.1653631737e+003
1.1512868000e-001    1.1648685182e+003
1.1684903000e-001    1.1681497517e+003
1.1855266000e-001    1.1736743315e+003
1.2034595000e-001    1.1791823686e+003
1.2198830000e-001    1.1822893165e+003
1.2369670000e-001    1.1811505556e+003
1.2540778000e-001    1.1750082844e+003
1.2717016000e-001    1.1644643309e+003
1.2902434000e-001    1.1513889593e+003
1.3076260000e-001    1.1384697990e+003
1.3259175000e-001    1.1285029781e+003
1.3450201000e-001    1.1236045541e+003
1.3660763000e-001    1.1245530751e+003
1.3860657000e-001    1.1304525450e+003
1.4061684000e-001    1.1388318030e+003
1.4253861000e-001    1.1461875896e+003
1.4433179000e-001    1.1488606165e+003
1.4612490000e-001    1.1440368833e+003
1.4799836000e-001    1.1306166290e+003
1.4994159000e-001    1.1097064310e+003
1.5198201000e-001    1.0845666975e+003
1.5409533000e-001    1.0599717904e+003
1.5606250000e-001    1.0410849848e+003
1.5792751000e-001    1.0320806655e+003
1.5977245000e-001    1.0348286506e+003
1.6159253000e-001    1.0479673578e+003
1.6330303000e-001    1.0666267739e+003
1.6507393000e-001    1.0829302799e+003
1.6699382000e-001    1.0872340796e+003
1.6882407000e-001    1.0698923148e+003
1.7096074000e-001    1.0232045511e+003
1.7307361000e-001    9.4314205655e+002
1.7525388000e-001    8.3047660273e+002
1.7728446000e-001    6.9104711416e+002
1.7976742000e-001    5.3507270612e+002
ENDATA


0.0000000000e+000    1.9031499529e+001
2.7803000000e-004    2.1629485795e+001
4.9139000000e-004    3.0693381636e+001
6.1446000000e-004    5.4074038801e+001
6.9344000000e-004    9.2013620518e+001
8.0811000000e-004    1.3314094628e+002
9.0256000000e-004    1.6012472558e+002
9.8158000000e-004    1.6184894545e+002
1.0847900000e-003    1.4233763008e+002
1.2107700000e-003    1.1850558023e+002
1.3279200000e-003    1.0807878588e+002
1.4113400000e-003    1.1750421405e+002
1.4692400000e-003    1.3956503849e+002
1.5261600000e-003    1.6175888120e+002
1.5921400000e-003    1.7721590896e+002
1.6370000000e-003    1.8846548890e+002
1.6427200000e-003    2.0174384028e+002
1.6647300000e-003    2.1854514260e+002
1.7227500000e-003    2.3322756598e+002
1.7795400000e-003    2.3897099628e+002
1.8787500000e-003    2.3582678401e+002
1.9633000000e-003    2.3241372855e+002
2.0241400000e-003    2.3908723534e+002
2.2075700000e-003    2.5893765003e+002
2.3959200000e-003    2.8534230639e+002
2.5335100000e-003    3.0858265454e+002
2.7911100000e-003    3.2520912814e+002
3.0718100000e-003    3.4099929155e+002
3.3488200000e-003    3.6441239577e+002
3.5633700000e-003    3.9670544446e+002
3.7517200000e-003    4.2844049589e+002
3.8939900000e-003    4.4639086202e+002
4.0406000000e-003    4.4507797194e+002
4.1954000000e-003    4.3251608086e+002
4.2714300000e-003    4.2467610232e+002
4.3448300000e-003    4.3323668760e+002
4.4957900000e-003    4.5714492542e+002
4.6207200000e-003    4.8497371387e+002
5.0966000000e-003    5.0541680121e+002
5.2887500000e-003    5.1636752804e+002
5.6461500000e-003    5.2495421741e+002
5.8709800000e-003    5.3947343879e+002
6.2050200000e-003    5.6127069678e+002
6.3244600000e-003    5.8393682354e+002
6.3132300000e-003    5.9987593777e+002
6.1248500000e-003    6.0752356284e+002
6.1122400000e-003    6.1245390057e+002
6.0153300000e-003    6.2185301739e+002
6.1732600000e-003    6.3806593775e+002
6.4533800000e-003    6.5729742855e+002
6.8253500000e-003    6.7413179675e+002
7.2766500000e-003    6.8690973259e+002
7.5550500000e-003    6.9859197358e+002
7.9030900000e-003    7.1262741020e+002
7.8073800000e-003    7.2844537122e+002
7.7754100000e-003    7.4144406170e+002
8.0334500000e-003    7.4765029594e+002
8.3170300000e-003    7.4837485882e+002
8.6263400000e-003    7.5002645792e+002
9.0007700000e-003    7.5891323484e+002
9.3974300000e-003    7.7575054865e+002
9.7079400000e-003    7.9494859914e+002
9.9548500000e-003    8.0928609207e+002
1.0076470000e-002    8.1564363757e+002
1.0333940000e-002    8.1674955188e+002
1.0527140000e-002    8.1787382406e+002
1.0533430000e-002    8.2208416566e+002
1.0581360000e-002    8.2857966734e+002
1.0655310000e-002    8.3514036519e+002
1.0789320000e-002    8.4154837743e+002
1.1026850000e-002    8.5011963651e+002
1.1202080000e-002    8.6277899699e+002
1.1373120000e-002    8.7792179008e+002
1.1523210000e-002    8.9070041953e+002
1.1745870000e-002    8.9693752475e+002
1.1829070000e-002    8.9707031397e+002
1.1909190000e-002    8.9622866454e+002
1.2105780000e-002    9.0012353087e+002
1.2369580000e-002    9.1040393265e+002
1.2700660000e-002    9.2365094512e+002
1.3044510000e-002    9.3473948955e+002
1.3296320000e-002    9.4126946946e+002
1.3533970000e-002    9.4500468893e+002
1.3840880000e-002    9.4935941993e+002
1.4105410000e-002    9.5578276204e+002
1.4340230000e-002    9.6269024192e+002
1.4547630000e-002    9.6775607362e+002
1.4757290000e-002    9.7089401412e+002
1.5039700000e-002    9.7464761075e+002
1.5301050000e-002    9.8151690302e+002
1.5700550000e-002    9.9103457789e+002
1.6115510000e-002    9.9977709140e+002
1.6542920000e-002    1.0045422850e+003
1.6966540000e-002    1.0056271702e+003
1.7346200000e-002    1.0068670240e+003
1.7702110000e-002    1.0122022424e+003
1.7999040000e-002    1.0219766444e+003
1.8421490000e-002    1.0325206931e+003
1.8829030000e-002    1.0394523482e+003
1.9192770000e-002    1.0415813997e+003
1.9603220000e-002    1.0417869638e+003
2.0067280000e-002    1.0442079799e+003
2.0579510000e-002    1.0505803566e+003
2.1101860000e-002    1.0591644509e+003
2.1630970000e-002    1.0669569600e+003
2.2157450000e-002    1.0726356094e+003
2.2691520000e-002    1.0772073258e+003
2.3283180000e-002    1.0819849664e+003
2.3985990000e-002    1.0864444989e+003
2.4584090000e-002    1.0886048674e+003
2.5212480000e-002    1.0877068743e+003
2.5816960000e-002    1.0861871279e+003
2.6293900000e-002    1.0883255435e+003
2.6727900000e-002    1.0963349163e+003
2.7194620000e-002    1.1076538510e+003
2.7698970000e-002    1.1165317622e+003
2.8248610000e-002    1.1189686668e+003
2.8798020000e-002    1.1165319899e+003
2.9415010000e-002    1.1151948204e+003
3.0088570000e-002    1.1198762094e+003
3.0740260000e-002    1.1296130354e+003
3.1363110000e-002    1.1380435747e+003
3.1978920000e-002    1.1390883994e+003
3.2635960000e-002    1.1327618639e+003
3.3324120000e-002    1.1256854470e+003
3.4011620000e-002    1.1256228411e+003
3.4693130000e-002    1.1348673856e+003
3.5283210000e-002    1.1484128176e+003
3.5892610000e-002    1.1584570177e+003
3.6511230000e-002    1.1610213184e+003
3.7132750000e-002    1.1587072904e+003
3.7776760000e-002    1.1574225130e+003
3.8417300000e-002    1.1605664651e+003
3.9046710000e-002    1.1662869026e+003
3.9763460000e-002    1.1701183017e+003
4.0543730000e-002    1.1699695443e+003
4.1284720000e-002    1.1682944831e+003
4.1993730000e-002    1.1693433995e+003
4.2671800000e-002    1.1744791204e+003
4.3324790000e-002    1.1805118544e+003
4.3946890000e-002    1.1828877923e+003
4.4524480000e-002    1.1805179112e+003
4.5090940000e-002    1.1771990153e+003
4.5728340000e-002    1.1779208261e+003
4.6491520000e-002    1.1836082990e+003
4.7258240000e-002    1.1897033326e+003
4.7978820000e-002    1.1903913107e+003
4.8692520000e-002    1.1846138737e+003
4.9472350000e-002    1.1778998202e+003
5.0215690000e-002    1.1777974761e+003
5.0938320000e-002    1.1868710806e+003
5.1694050000e-002    1.1998481730e+003
5.2443080000e-002    1.2078525895e+003
5.3173320000e-002    1.2060414519e+003
5.3896860000e-002    1.1976704828e+003
5.4596170000e-002    1.1908654962e+003
5.5257390000e-002    1.1911664951e+003
5.5858080000e-002    1.1968031295e+003
5.6464640000e-002    1.2009644771e+003
5.7154740000e-002    1.1986502993e+003
5.7918510000e-002    1.1914377305e+003
5.8568340000e-002    1.1856927580e+003
5.9366240000e-002    1.1861840514e+003
6.0089520000e-002    1.1914487096e+003
6.0796810000e-002    1.1954000003e+003
6.1508030000e-002    1.1934683988e+003
6.2289180000e-002    1.1871468891e+003
6.3085890000e-002    1.1824753579e+003
6.3899860000e-002    1.1840360156e+003
6.4731960000e-002    1.1904432022e+003
6.5621690000e-002    1.1957543343e+003
6.6570680000e-002    1.1953041504e+003
6.7569020000e-002    1.1901012258e+003
6.8479660000e-002    1.1854668575e+003
6.9400410000e-002    1.1854580037e+003
7.0284970000e-002    1.1888653917e+003
7.1163900000e-002    1.1908934510e+003
7.2125020000e-002    1.1886950797e+003
7.3185260000e-002    1.1848167990e+003
7.4109160000e-002    1.1846415083e+003
7.4954660000e-002    1.1901979369e+003
7.5799430000e-002    1.1968445363e+003
7.6676840000e-002    1.1968510657e+003
7.7583770000e-002    1.1869453636e+003
7.8494750000e-002    1.1723930402e+003
7.9385720000e-002    1.1629946439e+003
8.0298330000e-002    1.1642019535e+003
8.1236160000e-002    1.1717814990e+003
8.2229880000e-002    1.1755906818e+003
8.3183360000e-002    1.1693677074e+003
8.4216640000e-002    1.1572417259e+003
8.5271180000e-002    1.1502882326e+003
8.6298560000e-002    1.1558586202e+003
8.7180820000e-002    1.1697218032e+003
8.8086980000e-002    1.1789399282e+003
8.9083480000e-002    1.1733983882e+003
9.0249820000e-002    1.1553842119e+003
9.1360630000e-002    1.1379489277e+003
9.2474600000e-002    1.1331644648e+003
9.3634550000e-002    1.1411126201e+003
9.4718300000e-002    1.1500844621e+003
9.5746970000e-002    1.1479848389e+003
9.6610810000e-002    1.1341436217e+003
9.7393680000e-002    1.1200876881e+003
9.8269800000e-002    1.1182788888e+003
9.9178630000e-002    1.1295495363e+003
1.0013923000e-001    1.1415630177e+003
1.0119563000e-001    1.1401898947e+003
1.0228739000e-001    1.1230353373e+003
1.0349675000e-001    1.1018499926e+003
1.0486120000e-001    1.0910809510e+003
1.0622304000e-001    1.0935161314e+003
1.0740733000e-001    1.0973814486e+003
1.0857063000e-001    1.0884181846e+003
1.0959009000e-001    1.0653970659e+003
1.1063819000e-001    1.0430865393e+003
1.1177941000e-001    1.0381928401e+003
1.1294631000e-001    1.0510148936e+003
1.1417570000e-001    1.0616739624e+003
1.1548943000e-001    1.0474033678e+003
1.1689862000e-001    1.0066971503e+003
1.1840880000e-001    9.6657821312e+002
1.1985712000e-001    9.6166658860e+002
1.2135082000e-001    9.9908034710e+002
1.2297260000e-001    1.0392495594e+003
1.2459921000e-001    1.0135110142e+003
1.2619319000e-001    8.7034747792e+002
1.2778743000e-001    6.1691631638e+002
1.2938037000e-001    3.2301854141e+002
ENDATA


0.0000000000e+000    7.1124830534e+000
-2.2787000000e-004    1.1749972922e+001
-4.8544000000e-004    1.5800974590e+001
-6.3992000000e-004    1.9185682050e+001
-6.8192000000e-004    2.2131868496e+001
-6.4186000000e-004    2.5061091385e+001
-6.8901000000e-004    2.8405730498e+001
-7.1582000000e-004    3.2410941594e+001
-7.2453000000e-004    3.6982431934e+001
-7.7836000000e-004    4.1630807308e+001
-6.6824000000e-004    4.5538297831e+001
-5.3522000000e-004    4.7740237739e+001
-6.3159000000e-004    4.7380574249e+001
-4.8784000000e-004    4.3976965947e+001
-4.4941000000e-004    3.7623566035e+001
-1.5693000000e-004    2.9071135460e+001
2.0615000000e-004    1.9652484014e+001
5.0436000000e-004    1.1059620928e+001
6.6364000000e-004    5.0177101032e+000
9.4267000000e-004    2.9298008486e+000
1.0819700000e-003    5.5773686567e+000
1.0605300000e-003    1.2951343276e+001
1.0958800000e-003    2.4258378331e+001
9.7881000000e-004    3.8104652570e+001
9.1075000000e-004    5.2815028188e+001
1.0057300000e-003    6.6810359906e+001
1.1483100000e-003    7.8949532980e+001
1.2745300000e-003    8.8750234750e+001
1.3484900000e-003    9.6432390256e+001
1.5825700000e-003    1.0277359362e+002
1.8841200000e-003    1.0881544702e+002
2.1826700000e-003    1.1550067660e+002
2.4199300000e-003    1.2334217570e+002
2.6987300000e-003    1.3222034172e+002
2.8168100000e-003    1.4137433105e+002
3.1233400000e-003    1.4960298960e+002
3.3359500000e-003    1.5563431188e+002
3.3876100000e-003    1.5857280834e+002
3.3720300000e-003    1.5830538795e+002
3.3930800000e-003    1.5574693805e+002
3.5107000000e-003    1.5283833922e+002
3.5037600000e-003    1.5226608168e+002
3.6943800000e-003    1.5694127645e+002
3.7054700000e-003    1.6934029363e+002
3.5228000000e-003    1.9085329262e+002
3.7230400000e-003    2.2129847628e+002
3.9137500000e-003    2.5873422431e+002
4.1767700000e-003    2.9964230895e+002
4.3775300000e-003    3.3947528823e+002
4.6245100000e-003    3.7347760323e+002
4.9620900000e-003    3.9762215203e+002
5.2825300000e-003    4.0946854549e+002
5.6640900000e-003    4.0875539912e+002
6.0587200000e-003    3.9758714881e+002
6.2788200000e-003    3.8015668123e+002
6.4476300000e-003    3.6204155138e+002
6.5418000000e-003    3.4920277601e+002
6.7385600000e-003    3.4688093988e+002
6.9520200000e-003    3.5860976425e+002
7.1492000000e-003    3.8554625010e+002
7.3874000000e-003    4.2625312020e+002
7.7516200000e-003    4.7697699316e+002
8.1118000000e-003    5.3236434909e+002
8.1836700000e-003    5.8646866167e+002
8.2737000000e-003    6.3384495067e+002
8.4315400000e-003    6.7051426809e+002
8.7222100000e-003    6.9461248568e+002
9.0399800000e-003    7.0660746341e+002
9.2236200000e-003    7.0906044355e+002
9.5720800000e-003    7.0600112227e+002
9.9640200000e-003    7.0206126166e+002
1.0384070000e-002    7.0155348138e+002
1.0851110000e-002    7.0768245695e+002
1.1332870000e-002    7.2203689670e+002
1.1748320000e-002    7.4444269034e+002
1.2114630000e-002    7.7317678090e+002
1.2473240000e-002    8.0546592221e+002
1.2820290000e-002    8.3814071317e+002
1.3150130000e-002    8.6829361941e+002
1.3588370000e-002    8.9380278128e+002
1.4090860000e-002    9.1362593694e+002
1.4630040000e-002    9.2782905725e+002
1.5066650000e-002    9.3737725898e+002
1.5529150000e-002    9.4376652918e+002
1.5957370000e-002    9.4860279909e+002
1.6350450000e-002    9.5323510870e+002
1.6771200000e-002    9.5852408277e+002
1.7258930000e-002    9.6478382244e+002
1.7776030000e-002    9.7188649041e+002
1.8286790000e-002    9.7947690708e+002
1.8827920000e-002    9.8721953394e+002
1.9432400000e-002    9.9499765704e+002
2.0031890000e-002    1.0030038518e+003
2.0448010000e-002    1.0116958494e+003
2.1014230000e-002    1.0216328822e+003
2.1556080000e-002    1.0332434231e+003
2.1964450000e-002    1.0465965406e+003
2.2432620000e-002    1.0612503961e+003
2.2914910000e-002    1.0762324865e+003
2.3407030000e-002    1.0901720260e+003
2.3919560000e-002    1.1015641938e+003
2.4388670000e-002    1.1091092699e+003
2.4870650000e-002    1.1120463807e+003
2.5344490000e-002    1.1103977944e+003
2.5831570000e-002    1.1050567713e+003
2.6292910000e-002    1.0976861022e+003
2.6774930000e-002    1.0904377356e+003
2.7287100000e-002    1.0855461174e+003
2.7871260000e-002    1.0848790506e+003
2.8507990000e-002    1.0895426011e+003
2.9060720000e-002    1.0996276362e+003
2.9568280000e-002    1.1141568237e+003
3.0043430000e-002    1.1312486620e+003
3.0484890000e-002    1.1484687584e+003
3.0982280000e-002    1.1632983551e+003
3.1461980000e-002    1.1736248578e+003
3.2027730000e-002    1.1781542426e+003
3.2652580000e-002    1.1766616153e+003
3.3228720000e-002    1.1700300861e+003
3.3839370000e-002    1.1600720446e+003
3.4484830000e-002    1.1491713901e+003
3.5081660000e-002    1.1398209178e+003
3.5626080000e-002    1.1341486430e+003
3.6260400000e-002    1.1335267105e+003
3.6942830000e-002    1.1383373101e+003
3.7719500000e-002    1.1479362996e+003
3.8473850000e-002    1.1608144689e+003
3.9156470000e-002    1.1749171845e+003
3.9844440000e-002    1.1880534754e+003
4.0556420000e-002    1.1983110725e+003
4.1273530000e-002    1.2043967670e+003
4.1946030000e-002    1.2058402722e+003
4.2651350000e-002    1.2030299553e+003
4.3299160000e-002    1.1970836456e+003
4.3892830000e-002    1.1895899502e+003
4.4482670000e-002    1.1822787527e+003
4.5097670000e-002    1.1766896831e+003
4.5730810000e-002    1.1739030742e+003
4.6365870000e-002    1.1743810010e+003
4.6965400000e-002    1.1779406668e+003
4.7548630000e-002    1.1838543281e+003
4.8151580000e-002    1.1910450272e+003
4.8799140000e-002    1.1983305299e+003
4.9445770000e-002    1.2046619717e+003
5.0159220000e-002    1.2093092956e+003
5.0940670000e-002    1.2119607001e+003
5.1626830000e-002    1.2127242097e+003
5.2352250000e-002    1.2120413377e+003
5.3082420000e-002    1.2105409141e+003
5.3731840000e-002    1.2088718208e+003
5.4321200000e-002    1.2075547358e+003
5.4923860000e-002    1.2068852600e+003
5.5520260000e-002    1.2069062035e+003
5.6217290000e-002    1.2074489692e+003
5.6942640000e-002    1.2082271360e+003
5.7662190000e-002    1.2089533600e+003
5.8375970000e-002    1.2094462416e+003
5.9161700000e-002    1.2096977009e+003
6.0035390000e-002    1.2098825587e+003
6.0822980000e-002    1.2103076483e+003
6.1586740000e-002    1.2113140286e+003
6.2317910000e-002    1.2131587588e+003
6.3089730000e-002    1.2159089987e+003
6.3909290000e-002    1.2193792640e+003
6.4759940000e-002    1.2231327727e+003
6.5578770000e-002    1.2265522131e+003
6.6356230000e-002    1.2289676017e+003
6.7221400000e-002    1.2298134815e+003
6.8233380000e-002    1.2287784152e+003
6.9171030000e-002    1.2259090975e+003
7.0021000000e-002    1.2216399936e+003
7.0846820000e-002    1.2167355334e+003
7.1712410000e-002    1.2121520173e+003
7.2532800000e-002    1.2088458496e+003
7.3300780000e-002    1.2075688248e+003
7.4104970000e-002    1.2086963506e+003
7.4954600000e-002    1.2121290982e+003
7.5844230000e-002    1.2172934792e+003
7.6734050000e-002    1.2232447550e+003
7.7683980000e-002    1.2288533545e+003
7.8682030000e-002    1.2330355024e+003
7.9786390000e-002    1.2349782428e+003
8.0879670000e-002    1.2343091807e+003
8.2066250000e-002    1.2311729685e+003
8.3209520000e-002    1.2261972266e+003
8.4256700000e-002    1.2203554949e+003
8.5290990000e-002    1.2147581724e+003
8.6321100000e-002    1.2104186668e+003
8.7342810000e-002    1.2080472494e+003
8.8346500000e-002    1.2079180717e+003
8.9362910000e-002    1.2098371057e+003
9.0360800000e-002    1.2132146742e+003
9.1331010000e-002    1.2172215862e+003
9.2253840000e-002    1.2209886858e+003
9.3231080000e-002    1.2238005549e+003
9.4224070000e-002    1.2252373295e+003
9.5304050000e-002    1.2252332067e+003
9.6435710000e-002    1.2240424213e+003
9.7705910000e-002    1.2221275384e+003
9.9031910000e-002    1.2200046111e+003
1.0039208000e-001    1.2180899681e+003
1.0164643000e-001    1.2165914696e+003
1.0300662000e-001    1.2154735171e+003
1.0423315000e-001    1.2145035411e+003
1.0545284000e-001    1.2133639415e+003
1.0666935000e-001    1.2117940204e+003
1.0801320000e-001    1.2097168159e+003
1.0928482000e-001    1.2073088520e+003
1.1051888000e-001    1.2049862139e+003
1.1193288000e-001    1.2033041760e+003
1.1343184000e-001    1.2027935230e+003
1.1490601000e-001    1.2037775178e+003
1.1633289000e-001    1.2062230512e+003
1.1787744000e-001    1.2096744960e+003
1.1950601000e-001    1.2132996499e+003
1.2114448000e-001    1.2160482321e+003
1.2285115000e-001    1.2168920091e+003
1.2451989000e-001    1.2150901489e+003
1.2606421000e-001    1.2104112240e+003
1.2762504000e-001    1.2032486238e+003
1.2919305000e-001    1.1945888476e+003
1.3082509000e-001    1.1858274217e+003
1.3241557000e-001    1.1784665519e+003
1.3398989000e-001    1.1737620106e+003
1.3573194000e-001    1.1724049642e+003
1.3764306000e-001    1.1743216869e+003
1.3949054000e-001    1.1786496801e+003
1.4117772000e-001    1.1839075187e+003
1.4312386000e-001    1.1883273538e+003
1.4513986000e-001    1.1902754507e+003
1.4711100000e-001    1.1886589804e+003
1.4905819000e-001    1.1832145622e+003
1.5091148000e-001    1.1745980409e+003
1.5286300000e-001    1.1642412046e+003
1.5507126000e-001    1.1539991856e+003
1.5724638000e-001    1.1456679783e+003
1.5908492000e-001    1.1404904386e+003
1.6136212000e-001    1.1387801823e+003
1.6366473000e-001    1.1397712572e+003
1.6657277000e-001    1.1417505493e+003
1.7039479000e-001    1.1424604740e+003
1.7465064000e-001    1.1396878698e+003
1.7891444000e-001    1.1318990965e+003
1.8338189000e-001    1.1187563834e+003
ENDATA


0.0000000000e+000    1.6242560659e+000
-1.1340000000e-005    2.4591055948e+001
1.2052000000e-004    4.9894138017e+001
3.4065000000e-004    6.6850287829e+001
3.8566000000e-004    6.9479342172e+001
8.6903000000e-004    5.8771724636e+001
1.1046000000e-003    4.1316867409e+001
1.4299400000e-003    2.5393397976e+001
1.8510600000e-003    1.6738486820e+001
2.2901600000e-003    1.6136816485e+001
2.6149600000e-003    1.9858045531e+001
2.8042300000e-003    2.2466176288e+001
2.6977300000e-003    2.0389183233e+001
2.5738400000e-003    1.4379953811e+001
2.3253100000e-003    9.6559879756e+000
2.1456600000e-003    1.3677398945e+001
2.2045600000e-003    3.2619380110e+001
2.3327000000e-003    6.8132934411e+001
2.2525800000e-003    1.1579698251e+002
2.1964600000e-003    1.6591736873e+002
2.0136500000e-003    2.0639965304e+002
1.7692500000e-003    2.2669053205e+002
1.7517600000e-003    2.2146970704e+002
1.7440900000e-003    1.9290210610e+002
1.7199500000e-003    1.5070975983e+002
1.8328200000e-003    1.0993004824e+002
2.0080800000e-003    8.6853851077e+001
2.2010400000e-003    9.4175959984e+001
2.2294900000e-003    1.3673284384e+002
2.1944100000e-003    2.0922382945e+002
2.0737800000e-003    2.9690625891e+002
1.9844200000e-003    3.7942539333e+002
2.3015100000e-003    4.3687102737e+002
2.5530300000e-003    4.5620887151e+002
2.6394600000e-003    4.3583887026e+002
2.4597500000e-003    3.8646828889e+002
2.3944900000e-003    3.2771767467e+002
2.4939000000e-003    2.8149198273e+002
2.5693700000e-003    2.6449446627e+002
2.7534100000e-003    2.8272146384e+002
3.0972900000e-003    3.3007410870e+002
3.5981600000e-003    3.9158777561e+002
4.0191300000e-003    4.4988451807e+002
4.3835000000e-003    4.9212672590e+002
4.6803200000e-003    5.1459383905e+002
4.9530900000e-003    5.2309990745e+002
5.3474500000e-003    5.2932564968e+002
5.6935400000e-003    5.4490993988e+002
6.1435700000e-003    5.7603205358e+002
6.5815100000e-003    6.2083998019e+002
7.0383900000e-003    6.7066111062e+002
7.5285200000e-003    7.1416997048e+002
8.0308100000e-003    7.4241708932e+002
8.4399000000e-003    7.5240627709e+002
8.9915100000e-003    7.4777622122e+002
9.4922200000e-003    7.3660683101e+002
1.0046650000e-002    7.2768652316e+002
1.0686130000e-002    7.2712441110e+002
1.1426210000e-002    7.3677588370e+002
1.2161370000e-002    7.5486946887e+002
1.2855430000e-002    7.7808421153e+002
1.3568470000e-002    8.0371465632e+002
1.4232730000e-002    8.3073742292e+002
1.4862710000e-002    8.5938593978e+002
1.5495040000e-002    8.8976111216e+002
1.6068350000e-002    9.2053621702e+002
1.6516120000e-002    9.4868540824e+002
1.7004410000e-002    9.7049114570e+002
1.7580810000e-002    9.8328111585e+002
1.8169480000e-002    9.8688057406e+002
1.8587830000e-002    9.8390319548e+002
1.9139940000e-002    9.7865478839e+002
1.9717060000e-002    9.7521088409e+002
2.0339950000e-002    9.7570073008e+002
2.1055120000e-002    9.7971888181e+002
2.1747080000e-002    9.8515462224e+002
2.2411330000e-002    9.8993415864e+002
2.3240830000e-002    9.9365726992e+002
2.4134000000e-002    9.9816652995e+002
2.5000450000e-002    1.0066833665e+003
2.5875700000e-002    1.0219514583e+003
2.6759960000e-002    1.0443988627e+003
2.7611150000e-002    1.0713505007e+003
2.8421210000e-002    1.0977794706e+003
2.9172420000e-002    1.1182738532e+003
2.9892030000e-002    1.1292541039e+003
3.0717380000e-002    1.1303476951e+003
3.1649280000e-002    1.1242746271e+003
3.2517100000e-002    1.1153719517e+003
3.3360760000e-002    1.1075691361e+003
3.4168300000e-002    1.1028591958e+003
3.4977700000e-002    1.1009846953e+003
3.5864380000e-002    1.1003679477e+003
3.6748020000e-002    1.0996455062e+003
3.7679230000e-002    1.0988784503e+003
3.8724740000e-002    1.0997430632e+003
3.9803660000e-002    1.1046133750e+003
4.0890710000e-002    1.1150808114e+003
4.1995650000e-002    1.1307670628e+003
4.3110770000e-002    1.1491135026e+003
4.4296630000e-002    1.1662845474e+003
4.5483930000e-002    1.1787155837e+003
4.6491830000e-002    1.1845038892e+003
4.7405830000e-002    1.1839558902e+003
4.8338760000e-002    1.1790855869e+003
4.9310130000e-002    1.1724266241e+003
5.0293640000e-002    1.1658566887e+003
5.1348440000e-002    1.1600615815e+003
5.2520340000e-002    1.1548468954e+003
5.3669280000e-002    1.1499917586e+003
5.5041360000e-002    1.1460303805e+003
5.6389150000e-002    1.1444154962e+003
5.7676330000e-002    1.1469135605e+003
5.8917310000e-002    1.1545661664e+003
6.0198910000e-002    1.1668388105e+003
6.1390180000e-002    1.1814978525e+003
6.2580930000e-002    1.1953546971e+003
6.3632980000e-002    1.2055249125e+003
6.4627860000e-002    1.2105530788e+003
6.5478290000e-002    1.2108234305e+003
6.6401890000e-002    1.2080727704e+003
6.7413060000e-002    1.2043185281e+003
6.8567190000e-002    1.2008269069e+003
6.9649950000e-002    1.1976961033e+003
7.0683210000e-002    1.1942489974e+003
7.1730520000e-002    1.1899411951e+003
7.2726330000e-002    1.1851796560e+003
7.3915690000e-002    1.1814979276e+003
7.5077190000e-002    1.1809201487e+003
7.6421170000e-002    1.1848445475e+003
7.7738550000e-002    1.1930952162e+003
7.8885520000e-002    1.2037347065e+003
8.0240630000e-002    1.2138194888e+003
8.1766180000e-002    1.2207426053e+003
8.3231910000e-002    1.2234508805e+003
8.4484340000e-002    1.2228611195e+003
8.5748340000e-002    1.2212243174e+003
8.7029310000e-002    1.2207703169e+003
8.8468290000e-002    1.2223811027e+003
8.9905960000e-002    1.2250477061e+003
9.1431340000e-002    1.2264464650e+003
9.2959630000e-002    1.2243478516e+003
9.4488290000e-002    1.2180884463e+003
9.5925630000e-002    1.2092680346e+003
9.7430550000e-002    1.2012294593e+003
9.8988510000e-002    1.1975323690e+003
1.0049463000e-001    1.2001897956e+003
1.0177663000e-001    1.2085908799e+003
1.0308982000e-001    1.2196924987e+003
1.0443328000e-001    1.2294045970e+003
1.0597486000e-001    1.2344705949e+003
1.0753832000e-001    1.2338902180e+003
1.0905467000e-001    1.2291826680e+003
1.1041084000e-001    1.2234050939e+003
1.1171490000e-001    1.2194898772e+003
1.1317206000e-001    1.2187963793e+003
1.1459879000e-001    1.2206175567e+003
1.1607020000e-001    1.2228362363e+003
1.1754756000e-001    1.2232974610e+003
1.1905121000e-001    1.2210975657e+003
1.2065095000e-001    1.2170793981e+003
1.2226907000e-001    1.2133014757e+003
1.2383621000e-001    1.2118366727e+003
1.2550235000e-001    1.2136190796e+003
1.2711401000e-001    1.2179972126e+003
1.2872811000e-001    1.2232146294e+003
1.3032171000e-001    1.2274871754e+003
1.3189918000e-001    1.2300034387e+003
1.3349913000e-001    1.2312398345e+003
1.3538872000e-001    1.2324122682e+003
1.3716920000e-001    1.2344251424e+003
1.3889578000e-001    1.2370024534e+003
1.4027850000e-001    1.2385953743e+003
1.4174650000e-001    1.2371996460e+003
1.4346807000e-001    1.2316501941e+003
1.4509172000e-001    1.2226265670e+003
1.4686132000e-001    1.2127124262e+003
1.4862145000e-001    1.2053628824e+003
1.5023788000e-001    1.2032643578e+003
1.5181223000e-001    1.2069593192e+003
1.5333422000e-001    1.2145145341e+003
1.5481494000e-001    1.2224667868e+003
1.5645870000e-001    1.2275760099e+003
1.5810293000e-001    1.2284479129e+003
1.5966937000e-001    1.2261324136e+003
1.6151879000e-001    1.2233547324e+003
1.6353318000e-001    1.2227983654e+003
1.6562207000e-001    1.2254076799e+003
1.6761370000e-001    1.2296936406e+003
1.6967371000e-001    1.2324820729e+003
1.7155484000e-001    1.2307301107e+003
1.7351971000e-001    1.2234066076e+003
1.7632015000e-001    1.2123513509e+003
1.7990434000e-001    1.2015621782e+003
1.8489521000e-001    1.1952281577e+003
1.9122680000e-001    1.1955504743e+003
1.9608212000e-001    1.2015552801e+003
2.0014776000e-001    1.2095916167e+003
2.0407682000e-001    1.2152866756e+003
2.0782951000e-001    1.2159054210e+003
2.1164225000e-001    1.2118016023e+003
2.1493427000e-001    1.2061199702e+003
2.1863437000e-001    1.2028748119e+003
2.2226017000e-001    1.2044601564e+003
2.2569005000e-001    1.2100140976e+003
2.2941319000e-001    1.2156328946e+003
2.3282799000e-001    1.2164181417e+003
2.3666829000e-001    1.2092898592e+003
2.4076006000e-001    1.1950020891e+003
ENDATA


0.0000000000e+000    1.4638396989e+001
-6.2170000000e-005    1.4841214583e+001
2.9080000000e-005    1.5518567347e+001
2.0178000000e-004    1.6738665039e+001
4.2340000000e-004    1.8576896262e+001
5.3482000000e-004    2.1131047163e+001
6.1319000000e-004    2.4535532491e+001
7.8895000000e-004    2.8972745475e+001
1.1485900000e-003    3.4679893706e+001
1.6243600000e-003    4.1950109254e+001
2.1146300000e-003    5.1127160857e+001
2.5169400000e-003    6.2593702571e+001
2.7428300000e-003    7.6753609370e+001
2.8513900000e-003    9.4009518976e+001
2.9610700000e-003    1.1473716864e+002
3.0666900000e-003    1.3925844384e+002
3.1610600000e-003    1.6781521437e+002
3.2528000000e-003    2.0054600988e+002
3.3226700000e-003    2.3746738516e+002
3.3982100000e-003    2.7846146657e+002
3.4956500000e-003    3.2327068821e+002
3.5771900000e-003    3.7150016554e+002
3.6186600000e-003    4.2262756505e+002
3.6392800000e-003    4.7601976508e+002
3.6412100000e-003    5.3095511274e+002
3.5942000000e-003    5.8664970765e+002
3.5642400000e-003    6.4228591367e+002
3.7004500000e-003    6.9704123159e+002
3.7986100000e-003    7.5011575881e+002
3.9032800000e-003    8.0075670211e+002
3.9905000000e-003    8.4827876963e+002
4.0276400000e-003    8.9207970834e+002
4.2210100000e-003    9.3165073039e+002
4.3882900000e-003    9.6658203732e+002
4.3670600000e-003    9.9656406063e+002
4.3471500000e-003    1.0213853521e+003
4.5224200000e-003    1.0409282497e+003
4.6552500000e-003    1.0551634975e+003
4.8908000000e-003    1.0641449144e+003
5.3232100000e-003    1.0680049908e+003
5.7593000000e-003    1.0669519821e+003
6.3816000000e-003    1.0612686873e+003
6.8234200000e-003    1.0513127011e+003
6.9909000000e-003    1.0375175526e+003
7.2090300000e-003    1.0203938306e+003
7.4556400000e-003    1.0005291896e+003
7.6887400000e-003    9.7858605404e+002
7.9665300000e-003    9.5529590360e+002
8.1651300000e-003    9.3144923495e+002
8.1644300000e-003    9.0788063306e+002
8.1060300000e-003    8.8544882467e+002
8.0131500000e-003    8.6501208491e+002
7.8599700000e-003    8.4739987984e+002
7.6692500000e-003    8.3338210197e+002
7.5888100000e-003    8.2363764397e+002
7.6323000000e-003    8.1872431624e+002
7.8668000000e-003    8.1905221359e+002
8.1788600000e-003    8.2486255898e+002
8.3643700000e-003    8.3621379349e+002
8.1265400000e-003    8.5297625761e+002
8.4741400000e-003    8.7483624830e+002
8.8688700000e-003    9.0130958252e+002
9.2159500000e-003    9.3176410423e+002
9.4772500000e-003    9.6544989594e+002
9.9544600000e-003    1.0015353565e+003
1.0249130000e-002    1.0391468372e+003
1.0423670000e-002    1.0774092319e+003
1.0503140000e-002    1.1154848215e+003
1.0648790000e-002    1.1526077970e+003
1.0684700000e-002    1.1881122119e+003
1.0802770000e-002    1.2214516344e+003
1.1116740000e-002    1.2522094275e+003
1.1371360000e-002    1.2800993387e+003
1.1419980000e-002    1.3049568635e+003
1.1583190000e-002    1.3267225869e+003
1.1705620000e-002    1.3454193566e+003
1.1815060000e-002    1.3611256251e+003
1.1896370000e-002    1.3739475865e+003
1.1985310000e-002    1.3839927985e+003
1.2058770000e-002    1.3913478061e+003
1.2144280000e-002    1.3960618936e+003
1.2220860000e-002    1.3981385126e+003
1.2287700000e-002    1.3975352128e+003
1.2496400000e-002    1.3941721069e+003
1.2828870000e-002    1.3879480919e+003
1.3148030000e-002    1.3787633058e+003
1.3595990000e-002    1.3665456775e+003
1.3945770000e-002    1.3512789927e+003
1.4664620000e-002    1.3330296843e+003
1.5275750000e-002    1.3119695874e+003
1.5905230000e-002    1.2883921738e+003
1.6314210000e-002    1.2627202812e+003
1.6934320000e-002    1.2355040384e+003
1.7699440000e-002    1.2074084936e+003
1.8555120000e-002    1.1791913289e+003
1.9143030000e-002    1.1516718940e+003
1.9594660000e-002    1.1256935591e+003
2.0117640000e-002    1.1020819960e+003
2.0773380000e-002    1.0816023968e+003
2.1620440000e-002    1.0649187910e+003
2.2390900000e-002    1.0525585142e+003
2.3209050000e-002    1.0448845165e+003
2.3948850000e-002    1.0420776084e+003
2.4527950000e-002    1.0441299701e+003
2.5122350000e-002    1.0508503696e+003
2.5627340000e-002    1.0618806072e+003
2.6290700000e-002    1.0767218199e+003
2.6856050000e-002    1.0947685060e+003
2.7465150000e-002    1.1153475358e+003
2.8206280000e-002    1.1377590528e+003
2.9003780000e-002    1.1613160679e+003
2.9667510000e-002    1.1853797187e+003
3.0294990000e-002    1.2093875916e+003
3.0924990000e-002    1.2328731519e+003
3.1524320000e-002    1.2554751332e+003
3.2119120000e-002    1.2769366444e+003
3.2681030000e-002    1.2970946664e+003
3.3277370000e-002    1.3158614654e+003
3.3805060000e-002    1.3332001608e+003
3.4476980000e-002    1.3490971907e+003
3.5409910000e-002    1.3635346812e+003
3.6317980000e-002    1.3764657073e+003
3.7205430000e-002    1.3877951467e+003
3.8204770000e-002    1.3973682920e+003
3.9246270000e-002    1.4049686457e+003
4.0180730000e-002    1.4103254472e+003
4.1111730000e-002    1.4131305391e+003
4.2341640000e-002    1.4130632680e+003
4.3566720000e-002    1.4098213007e+003
4.4715330000e-002    1.4031546059e+003
4.5715320000e-002    1.3928994583e+003
4.6703960000e-002    1.3790092023e+003
4.7771100000e-002    1.3615786874e+003
4.8775300000e-002    1.3408597427e+003
4.9798920000e-002    1.3172657557e+003
5.0696500000e-002    1.2913643120e+003
5.1698660000e-002    1.2638578490e+003
5.2721350000e-002    1.2355533077e+003
5.3787410000e-002    1.2073227315e+003
5.4904160000e-002    1.1800575780e+003
5.6026490000e-002    1.1546201076e+003
5.7109290000e-002    1.1317955326e+003
5.8023920000e-002    1.1122486208e+003
5.8902040000e-002    1.0964881443e+003
5.9773270000e-002    1.0848419663e+003
6.0707470000e-002    1.0774447153e+003
6.1740080000e-002    1.0742389757e+003
6.2762520000e-002    1.0749898100e+003
6.3860200000e-002    1.0793113195e+003
6.4745430000e-002    1.0867029414e+003
6.5918030000e-002    1.0965923550e+003
6.7181980000e-002    1.1083813113e+003
6.8384290000e-002    1.1214904519e+003
6.9427790000e-002    1.1353992753e+003
7.0669510000e-002    1.1496778363e+003
7.2000950000e-002    1.1640074982e+003
7.3239890000e-002    1.1781890313e+003
7.4285970000e-002    1.1921374931e+003
7.5380460000e-002    1.2058645292e+003
7.6495800000e-002    1.2194499032e+003
7.7426950000e-002    1.2330050879e+003
7.8447780000e-002    1.2466325413e+003
7.9626210000e-002    1.2603847775e+003
8.0832580000e-002    1.2742274636e+003
8.2179940000e-002    1.2880105268e+003
8.3576070000e-002    1.3014506379e+003
8.4926040000e-002    1.3141275046e+003
8.6230380000e-002    1.3254952254e+003
8.7467450000e-002    1.3349086212e+003
8.8625390000e-002    1.3416630909e+003
8.9895220000e-002    1.3450452372e+003
9.1431690000e-002    1.3443904046e+003
9.3122090000e-002    1.3391424536e+003
9.4705380000e-002    1.3289106485e+003
9.6268140000e-002    1.3135185038e+003
9.7733840000e-002    1.2930398421e+003
9.9301960000e-002    1.2678181317e+003
1.0073047000e-001    1.2384663514e+003
1.0242833000e-001    1.2058460845e+003
1.0400749000e-001    1.1710261576e+003
1.0564480000e-001    1.1352227977e+003
1.0738484000e-001    1.0997248393e+003
1.0895307000e-001    1.0658088531e+003
1.1042070000e-001    1.0346500682e+003
1.1204107000e-001    1.0072355399e+003
1.1366456000e-001    9.8428610838e+002
1.1506305000e-001    9.6619329245e+002
1.1652368000e-001    9.5297636969e+002
1.1785730000e-001    9.4426358443e+002
1.1922225000e-001    9.3929977506e+002
1.2073122000e-001    9.3698085019e+002
1.2204022000e-001    9.3591360323e+002
1.2340768000e-001    9.3449748273e+002
1.2484173000e-001    9.3102327555e+002
1.2636678000e-001    9.2378233746e+002
1.2805042000e-001    9.1117912666e+002
1.2962813000e-001    8.9183943005e+002
1.3121680000e-001    8.6470685270e+002
1.3297522000e-001    8.2912085983e+002
1.3460077000e-001    7.8487086823e+002
1.3621378000e-001    7.3222249502e+002
1.3795173000e-001    6.7191396871e+002
1.3958536000e-001    6.0512275285e+002
1.4114105000e-001    5.3340447711e+002
1.4283385000e-001    4.5860816462e+002
1.4459108000e-001    3.8277335081e+002
1.4635400000e-001    3.0801589266e+002
1.4805599000e-001    2.3640998269e+002
1.4973435000e-001    1.6987406165e+002
ENDATA


0.0000000000e+000    3.4781013228e+000
2.7200000000e-006    3.2838089557e+000
4.1650000000e-005    4.5793337469e+000
5.4500000000e-005    7.4219416867e+000
5.7640000000e-005    1.1730914179e+001
3.6630000000e-005    1.7303778431e+001
-2.3800000000e-005    2.3842758831e+001
-8.8340000000e-005    3.0988423392e+001
-7.8470000000e-005    3.8356985759e+001
-2.6390000000e-005    4.5577542878e+001
3.4930000000e-005    5.2325688739e+001
1.5471000000e-004    5.8350423617e+001
2.5135000000e-004    6.3492026282e+001
2.3558000000e-004    6.7689501483e+001
1.7211000000e-004    7.0977267910e+001
2.2998000000e-004    7.3471815747e+001
3.6848000000e-004    7.5350040883e+001
4.1278000000e-004    7.6821766431e+001
6.3830000000e-004    7.8099519268e+001
7.7030000000e-004    7.9368890087e+001
1.1615800000e-003    8.0762747086e+001
1.5028000000e-003    8.2342201409e+001
1.3476700000e-003    8.4086570758e+001
1.0342800000e-003    8.5893714993e+001
9.9478000000e-004    8.7591102886e+001
9.0980000000e-004    8.8956904513e+001
1.0424100000e-003    8.9749385857e+001
1.2441800000e-003    8.9742004675e+001
1.3642600000e-003    8.8760951403e+001
1.4642800000e-003    8.6721508732e+001
1.5916200000e-003    8.3659557103e+001
1.7933600000e-003    7.9754841065e+001
2.1111200000e-003    7.5343214526e+001
2.4633700000e-003    7.0915954740e+001
2.8109600000e-003    6.7105304760e+001
2.9396900000e-003    6.4656582959e+001
3.1655300000e-003    6.4388386289e+001
3.4684500000e-003    6.7143508881e+001
3.6938100000e-003    7.3734103318e+001
3.9576300000e-003    8.4885246835e+001
4.2522200000e-003    1.0118137877e+002
4.3708800000e-003    1.2302001554e+002
4.1842100000e-003    1.5057672216e+002
3.9481700000e-003    1.8378455177e+002
3.8404200000e-003    2.2233011367e+002
3.8879000000e-003    2.6566717545e+002
3.9712500000e-003    3.1304734460e+002
4.2250900000e-003    3.6356601888e+002
4.4265000000e-003    4.1622055083e+002
4.6831500000e-003    4.6997654344e+002
5.1029500000e-003    5.2383746709e+002
5.4654900000e-003    5.7691242430e+002
5.6857600000e-003    6.2847692392e+002
6.0338600000e-003    6.7802196217e+002
6.4834600000e-003    7.2528751603e+002
6.9144400000e-003    7.7027767447e+002
7.3063700000e-003    8.1325598291e+002
7.7243900000e-003    8.5472105066e+002
8.3309500000e-003    8.9536395842e+002
8.9494700000e-003    9.3601038734e+002
9.6095800000e-003    9.7755156499e+002
1.0308680000e-002    1.0208689958e+003
1.1096920000e-002    1.0667584461e+003
1.1751170000e-002    1.1158587464e+003
1.2365380000e-002    1.1685906492e+003
1.3005770000e-002    1.2251102629e+003
1.3656400000e-002    1.2852805293e+003
1.4256950000e-002    1.3486628953e+003
1.4786360000e-002    1.4145298644e+003
1.5336840000e-002    1.4818975961e+003
1.5933300000e-002    1.5495762746e+003
1.6382480000e-002    1.6162347013e+003
1.6806890000e-002    1.6804745686e+003
1.7155400000e-002    1.7409092164e+003
1.7360920000e-002    1.7962414116e+003
1.7458370000e-002    1.8453348285e+003
1.7557910000e-002    1.8872744339e+003
1.7751400000e-002    1.9214118539e+003
1.7983820000e-002    1.9473929375e+003
1.8382390000e-002    1.9651660582e+003
1.8775210000e-002    1.9749710950e+003
1.9070590000e-002    1.9773104118e+003
1.9347270000e-002    1.9729043964e+003
1.9559170000e-002    1.9626351490e+003
1.9843600000e-002    1.9474826428e+003
2.0183050000e-002    1.9284580736e+003
2.0546760000e-002    1.9065391558e+003
2.0952370000e-002    1.8826118029e+003
2.1400390000e-002    1.8574220006e+003
2.1842100000e-002    1.8315407904e+003
2.2392480000e-002    1.8053442035e+003
2.3164440000e-002    1.7790088144e+003
2.3911740000e-002    1.7525224111e+003
2.4584020000e-002    1.7257081846e+003
2.5238080000e-002    1.6982599192e+003
2.5886770000e-002    1.6697849694e+003
2.6556540000e-002    1.6398513870e+003
2.7345440000e-002    1.6080354358e+003
2.8018740000e-002    1.5739658943e+003
2.8645160000e-002    1.5373619811e+003
2.9291170000e-002    1.4980623856e+003
3.0003620000e-002    1.4560437035e+003
3.0752020000e-002    1.4114274764e+003
3.1627970000e-002    1.3644759542e+003
3.2442590000e-002    1.3155775581e+003
3.3256450000e-002    1.2652237619e+003
3.4110220000e-002    1.2139796701e+003
3.4954780000e-002    1.1624509309e+003
3.5772540000e-002    1.1112497449e+003
3.6592390000e-002    1.0609626365e+003
3.7446620000e-002    1.0121223535e+003
3.8431160000e-002    9.6518578750e+002
3.9379380000e-002    9.2051921644e+002
4.0276540000e-002    8.7839150991e+002
4.1190010000e-002    8.3897526540e+002
4.2124080000e-002    8.0235521840e+002
4.3064920000e-002    7.6854273309e+002
4.4017540000e-002    7.3749477536e+002
4.5029320000e-002    7.0913551827e+002
4.6121740000e-002    6.8337864246e+002
4.7312380000e-002    6.6014846753e+002
4.8668020000e-002    6.3939826626e+002
4.9882370000e-002    6.2112444535e+002
5.1029080000e-002    6.0537568826e+002
5.2355250000e-002    5.9225660722e+002
5.3704930000e-002    5.8192590425e+002
5.5195500000e-002    5.7458945605e+002
5.6757760000e-002    5.7048908595e+002
5.8189570000e-002    5.6988804399e+002
5.9486670000e-002    5.7305437214e+002
6.0852230000e-002    5.8024338189e+002
6.2238460000e-002    5.9168042449e+002
6.3665800000e-002    6.0754500366e+002
6.5028940000e-002    6.2795708880e+002
6.6485840000e-002    6.5296625707e+002
6.7880550000e-002    6.8254405064e+002
6.9300620000e-002    7.1657970424e+002
7.0806130000e-002    7.5487919590e+002
7.2386400000e-002    7.9716741454e+002
7.3945770000e-002    8.4309312804e+002
7.5540530000e-002    8.9223637413e+002
7.7062360000e-002    9.4411787825e+002
7.8542540000e-002    9.9821011593e+002
8.0116220000e-002    1.0539496690e+003
8.1811200000e-002    1.1107505599e+003
8.3497540000e-002    1.1680182723e+003
8.5158100000e-002    1.2251641746e+003
8.6767770000e-002    1.2816200366e+003
8.8319600000e-002    1.3368522901e+003
8.9801730000e-002    1.3903756122e+003
9.1303770000e-002    1.4417653412e+003
9.2729830000e-002    1.4906681592e+003
9.3926250000e-002    1.5368104354e+003
9.5222190000e-002    1.5800036092e+003
9.6363550000e-002    1.6201460438e+003
9.7490940000e-002    1.6572208817e+003
9.8552430000e-002    1.6912896122e+003
9.9805190000e-002    1.7224812926e+003
1.0109837000e-001    1.7509776520e+003
1.0226078000e-001    1.7769946202e+003
1.0330947000e-001    1.8007611459e+003
1.0425233000e-001    1.8224964654e+003
1.0530273000e-001    1.8423872248e+003
1.0646966000e-001    1.8605660144e+003
1.0762092000e-001    1.8770929296e+003
1.0866669000e-001    1.8919416913e+003
1.0987516000e-001    1.9049916587e+003
1.1119616000e-001    1.9160267315e+003
1.1265192000e-001    1.9247416970e+003
1.1410468000e-001    1.9307560533e+003
1.1542574000e-001    1.9336347679e+003
1.1670833000e-001    1.9329148669e+003
1.1798571000e-001    1.9281362202e+003
1.1914400000e-001    1.9188744708e+003
1.2042691000e-001    1.9047737589e+003
1.2187521000e-001    1.8855767783e+003
1.2321352000e-001    1.8611497728e+003
1.2459677000e-001    1.8315003523e+003
1.2605633000e-001    1.7967864621e+003
1.2765853000e-001    1.7573154572e+003
1.2927638000e-001    1.7135329642e+003
1.3105038000e-001    1.6660020101e+003
1.3285038000e-001    1.6153736884e+003
1.3450666000e-001    1.5623513668e+003
1.3611200000e-001    1.5076510342e+003
1.3770006000e-001    1.4519608009e+003
1.3931065000e-001    1.3959027504e+003
1.4093503000e-001    1.3400002681e+003
1.4273704000e-001    1.2846536454e+003
1.4442560000e-001    1.2301261775e+003
1.4623135000e-001    1.1765421937e+003
1.4825359000e-001    1.1238975178e+003
1.5039059000e-001    1.0720818406e+003
1.5237901000e-001    1.0209114639e+003
1.5443208000e-001    9.7016993833e+002
1.5641165000e-001    9.1965333994e+002
1.5869538000e-001    8.6921639183e+002
1.6080448000e-001    8.1881537916e+002
1.6329598000e-001    7.6854387493e+002
1.6573988000e-001    7.1865768818e+002
1.6773563000e-001    6.6958615155e+002
1.7005629000e-001    6.2192783734e+002
1.7221118000e-001    5.7642996115e+002
1.7431413000e-001    5.3395201599e+002
1.7741046000e-001    4.9541547802e+002
1.8025198000e-001    4.6174263594e+002
1.8319260000e-001    4.3378862027e+002
1.8558161000e-001    4.1227145831e+002
1.8809537000e-001    3.9770538689e+002
1.9053823000e-001    3.9034267464e+002
1.9319141000e-001    3.9012882221e+002
1.9583388000e-001    3.9667524038e+002
1.9861611000e-001    4.0925239804e+002
2.0162092000e-001    4.2680505893e+002
2.0462637000e-001    4.4798968533e+002
2.0739580000e-001    4.7123248991e+002
2.1028887000e-001    4.9480508361e+002
2.1241431000e-001    5.1691331431e+002
2.1535927000e-001    5.3579382376e+002
2.1813058000e-001    5.4981215535e+002
2.2108254000e-001    5.5755598119e+002
2.2403349000e-001    5.5791721149e+002
2.2705639000e-001    5.5015739603e+002
2.2972474000e-001    5.3395188412e+002
2.3253775000e-001    5.0940960474e+002
2.3528642000e-001    4.7706696257e+002
2.3850801000e-001    4.3785610074e+002
2.4173173000e-001    3.9304952962e+002
2.4479107000e-001    3.4418473406e+002
2.4810400000e-001    2.9297373152e+002
2.5121973000e-001    2.4120355846e+002
2.5464974000e-001    1.9063424123e+002
2.5799036000e-001    1.4290091616e+002
2.6160034000e-001    9.9426397382e+001
2.6530403000e-001    6.1349679149e+001
ENDATA


0.0000000000e+000    3.0812324269e+001
-1.0920000000e-005    -9.6447814552e+000
-2.7280000000e-005    -3.4696798447e+001
-4.7370000000e-005    -4.5836232592e+001
-7.3330000000e-005    -4.5393259856e+001
-1.0353000000e-004    -3.6270314845e+001
-1.1350000000e-005    -2.1637861810e+001
5.7120000000e-005    -4.6233617117e+000
8.8670000000e-005    1.1974806788e+001
7.6150000000e-005    2.5920407129e+001
3.2690000000e-005    3.5697978129e+001
-2.3580000000e-005    4.0584456119e+001
-7.5230000000e-005    4.0631154206e+001
-1.1085000000e-004    3.6563403789e+001
-1.2225000000e-004    2.9613960294e+001
-1.0236000000e-004    2.1312959816e+001
-5.6040000000e-005    1.3261076401e+001
4.8100000000e-006    6.9132023784e+000
6.8230000000e-005    3.3974660802e+000
1.2244000000e-004    3.3890925977e+000
1.6301000000e-004    7.0512036378e+000
1.9517000000e-004    1.4046072998e+001
2.2477000000e-004    2.3611652841e+001
2.5759000000e-004    3.4690401879e+001
2.9939000000e-004    4.6091486628e+001
3.5333000000e-004    5.6663960190e+001
4.1534000000e-004    6.5457905599e+001
4.8217000000e-004    7.1852768845e+001
5.6527000000e-004    7.5636862159e+001
6.8240000000e-004    7.7028655601e+001
8.5260000000e-004    7.6638143165e+001
1.0738100000e-003    7.5374307938e+001
1.3129500000e-003    7.4311566787e+001
1.6204800000e-003    7.4533219311e+001
1.9219000000e-003    7.6972750149e+001
2.0671900000e-003    8.2274021230e+001
2.2857000000e-003    9.0688949377e+001
2.4658500000e-003    1.0202652200e+002
2.6297900000e-003    1.1566056193e+002
2.8304400000e-003    1.3059631280e+002
3.1135800000e-003    1.4558857838e+002
3.3015700000e-003    1.5929770393e+002
3.2636900000e-003    1.7046490601e+002
3.3122900000e-003    1.7808590579e+002
3.4784100000e-003    1.8156179059e+002
3.7569900000e-003    1.8080850797e+002
4.0520100000e-003    1.7631107618e+002
4.1809900000e-003    1.6911490872e+002
4.2937900000e-003    1.6075384527e+002
4.3659800000e-003    1.5312171115e+002
4.4616500000e-003    1.4830065349e+002
4.6285500000e-003    1.4836439021e+002
4.8323700000e-003    1.5517731459e+002
5.3267200000e-003    1.7021082996e+002
5.2391200000e-003    1.9439633009e+002
5.2021300000e-003    2.2803015234e+002
5.0688700000e-003    2.7074011041e+002
5.1327700000e-003    3.2151653685e+002
5.3919400000e-003    3.7880389830e+002
5.5184200000e-003    4.4064275947e+002
5.5790000000e-003    5.0484684689e+002
5.8009700000e-003    5.6919672138e+002
6.0993300000e-003    6.3163041155e+002
6.3866100000e-003    6.9041234679e+002
6.5632600000e-003    7.4426487162e+002
6.6696900000e-003    7.9245112408e+002
6.8736500000e-003    8.3480355945e+002
7.2346400000e-003    8.7169824855e+002
7.5600100000e-003    9.0398061691e+002
7.9625800000e-003    9.3285292181e+002
8.2974600000e-003    9.5973702511e+002
8.5476100000e-003    9.8612762472e+002
8.7674700000e-003    1.0134509739e+003
9.0089200000e-003    1.0429423667e+003
9.2353300000e-003    1.0755525958e+003
9.5674200000e-003    1.1118896379e+003
9.9912800000e-003    1.1521974877e+003
1.0365150000e-002    1.1963698870e+003
1.0639950000e-002    1.2439931379e+003
1.0922550000e-002    1.2944096246e+003
1.1229950000e-002    1.3467923305e+003
1.1495500000e-002    1.4002205814e+003
1.1780560000e-002    1.4537483880e+003
1.2100410000e-002    1.5064588636e+003
1.2401870000e-002    1.5575009177e+003
1.2627040000e-002    1.6061073829e+003
1.2829310000e-002    1.6515965188e+003
1.3052540000e-002    1.6933611000e+003
1.3293690000e-002    1.7308507719e+003
1.3462550000e-002    1.7635538907e+003
1.3741840000e-002    1.7909846366e+003
1.4069510000e-002    1.8126799036e+003
1.4506000000e-002    1.8282085389e+003
1.4917310000e-002    1.8371932135e+003
1.5341810000e-002    1.8393428892e+003
1.5818450000e-002    1.8344918109e+003
1.6281620000e-002    1.8226394886e+003
1.6767620000e-002    1.8039854201e+003
1.7304580000e-002    1.7789524563e+003
1.7910280000e-002    1.7481936962e+003
1.8508400000e-002    1.7125795108e+003
1.9175720000e-002    1.6731635187e+003
1.9880320000e-002    1.6311288036e+003
2.0567590000e-002    1.5877180791e+003
2.1259700000e-002    1.5441535739e+003
2.2004890000e-002    1.5015538905e+003
2.2827460000e-002    1.4608557916e+003
2.3733560000e-002    1.4227487148e+003
2.4630090000e-002    1.3876288055e+003
2.5481860000e-002    1.3555774945e+003
2.6293920000e-002    1.3263673240e+003
2.7079650000e-002    1.2994950753e+003
2.7828380000e-002    1.2742395648e+003
2.8586040000e-002    1.2497390230e+003
2.9446260000e-002    1.2250810135e+003
3.0361820000e-002    1.1993965803e+003
3.1225750000e-002    1.1719498622e+003
3.2012350000e-002    1.1422148256e+003
3.2896330000e-002    1.1099319890e+003
3.3834480000e-002    1.0751399350e+003
3.4823650000e-002    1.0381788125e+003
3.5905980000e-002    9.9966570861e+002
3.6823530000e-002    9.6044443481e+002
3.7688140000e-002    9.2151468302e+002
3.8535800000e-002    8.8394742106e+002
3.9330810000e-002    8.4879464552e+002
4.0050330000e-002    8.1700207035e+002
4.0824470000e-002    7.8933296751e+002
4.1536760000e-002    7.6631023163e+002
4.2333440000e-002    7.4818192708e+002
4.3093650000e-002    7.3491327198e+002
4.3919270000e-002    7.2620544037e+002
4.4963130000e-002    7.2153897089e+002
4.5946370000e-002    7.2023720525e+002
4.7123340000e-002    7.2154327044e+002
4.8311140000e-002    7.2470284932e+002
4.9269730000e-002    7.2904447668e+002
5.0271410000e-002    7.3404940263e+002
5.1587840000e-002    7.3940415219e+002
5.2940550000e-002    7.4503067495e+002
5.4445660000e-002    7.5109124658e+002
5.6001900000e-002    7.5796783246e+002
5.7477240000e-002    7.6621819626e+002
5.9025600000e-002    7.7651337542e+002
6.0376350000e-002    7.8956301092e+002
6.1805870000e-002    8.0603621890e+002
6.3167230000e-002    8.2648609940e+002
6.4629310000e-002    8.5128554720e+002
6.5958690000e-002    8.8058080320e+002
6.7507980000e-002    9.1426728737e+002
6.9017970000e-002    9.5198988600e+002
7.0660250000e-002    9.9316727815e+002
7.2095930000e-002    1.0370373578e+003
7.3730750000e-002    1.0827186145e+003
7.5445390000e-002    1.1292807179e+003
7.7140090000e-002    1.1758166919e+003
7.8789890000e-002    1.2215090531e+003
8.0610020000e-002    1.2656831390e+003
8.1896260000e-002    1.3078424515e+003
8.3216620000e-002    1.3476830206e+003
8.4569040000e-002    1.3850862864e+003
8.5827280000e-002    1.4200925209e+003
8.7067920000e-002    1.4528590547e+003
8.8231240000e-002    1.4836092766e+003
8.9265440000e-002    1.5125793247e+003
9.0283080000e-002    1.5399694662e+003
9.1258830000e-002    1.5659063641e+003
9.2304170000e-002    1.5904208386e+003
9.3488440000e-002    1.6134435598e+003
9.4706020000e-002    1.6348186137e+003
9.5851260000e-002    1.6543323974e+003
9.6963460000e-002    1.6717531395e+003
9.7912750000e-002    1.6868747959e+003
9.9044600000e-002    1.6995583601e+003
1.0016885000e-001    1.7097638572e+003
1.0119102000e-001    1.7175674599e+003
1.0215098000e-001    1.7231601413e+003
1.0310949000e-001    1.7268268231e+003
1.0407463000e-001    1.7289077632e+003
1.0525989000e-001    1.7297465998e+003
1.0650248000e-001    1.7296316489e+003
1.0773290000e-001    1.7287384451e+003
1.0904318000e-001    1.7270818890e+003
1.1034265000e-001    1.7244856232e+003
1.1157547000e-001    1.7205744607e+003
1.1276686000e-001    1.7147930022e+003
1.1402291000e-001    1.7064503331e+003
1.1531576000e-001    1.6947872688e+003
1.1679791000e-001    1.6790594604e+003
1.1851892000e-001    1.6586272070e+003
1.2018848000e-001    1.6330413897e+003
1.2180947000e-001    1.6021147841e+003
1.2363790000e-001    1.5659692016e+003
1.2546856000e-001    1.5250513640e+003
1.2734201000e-001    1.4801138815e+003
1.2910684000e-001    1.4321617824e+003
1.3093471000e-001    1.3823692564e+003
1.3282018000e-001    1.3319750867e+003
1.3497835000e-001    1.2821681808e+003
1.3714328000e-001    1.2339762526e+003
1.3925083000e-001    1.1881708086e+003
1.4124953000e-001    1.1452000824e+003
1.4331398000e-001    1.1051585681e+003
1.4531922000e-001    1.0677976442e+003
1.4759521000e-001    1.0325769377e+003
1.4981474000e-001    9.9875112159e+002
1.5209611000e-001    9.6548239169e+002
1.5423053000e-001    9.3196548169e+002
1.5658866000e-001    8.9755022193e+002
1.5912617000e-001    8.6184658460e+002
1.6162885000e-001    8.2479895904e+002
1.6410606000e-001    7.8671988890e+002
1.6631781000e-001    7.4827829297e+002
1.6855680000e-001    7.1044272204e+002
1.7079697000e-001    6.7438580416e+002
1.7272152000e-001    6.4136100166e+002
1.7447712000e-001    6.1256650421e+002
1.7627555000e-001    5.8901301298e+002
1.7804510000e-001    5.7141203922e+002
1.7965712000e-001    5.6009910329e+002
1.8137472000e-001    5.5500209921e+002
1.8346758000e-001    5.5565954826e+002
1.8569370000e-001    5.6128716059e+002
1.8777884000e-001    5.7088482928e+002
1.9007160000e-001    5.8337069270e+002
1.9272173000e-001    5.9772493899e+002
1.9546855000e-001    6.1312414467e+002
1.9814444000e-001    6.2904744691e+002
2.0167371000e-001    6.4533877102e+002
2.0617901000e-001    6.6221439135e+002
2.1118575000e-001    6.8021174544e+002
2.1499850000e-001    7.0008287779e+002
2.1736468000e-001    7.2264326726e+002
2.1993536000e-001    7.4859317280e+002
2.2214482000e-001    7.7833318868e+002
2.2398556000e-001    8.1179779991e+002
2.2582381000e-001    8.4833001339e+002
2.2764736000e-001    8.8661658304e+002
2.2942301000e-001    9.2469725976e+002
2.3089889000e-001    9.6005350840e+002
2.3248655000e-001    9.8977311570e+002
2.3432927000e-001    1.0107780928e+003
2.3616973000e-001    1.0200953074e+003
2.3895944000e-001    1.0151433282e+003
2.4193271000e-001    9.9400578699e+002
2.4515516000e-001    9.5566160725e+002
2.4804883000e-001    9.0014581089e+002
2.5078393000e-001    8.2862100499e+002
2.5357670000e-001    7.4334842086e+002
2.5646677000e-001    6.4755760467e+002
2.5940283000e-001    5.4522442696e+002
2.6260551000e-001    4.4077681816e+002
2.6586565000e-001    3.3875545714e+002
2.6956119000e-001    2.4346164962e+002
2.7331895000e-001    1.5862625107e+002
2.7719561000e-001    8.7131509491e+001
ENDATA


0.0000000000e+000    6.3320361738e+000
2.0130000000e-005    -2.0635549292e+001
7.4820000000e-005    -3.0418943651e+001
1.2973000000e-004    -2.7404061807e+001
1.4204000000e-004    -1.6514197720e+001
1.4698000000e-004    -2.4707802055e+000
1.5197000000e-004    1.0816139467e+001
1.5684000000e-004    2.0648014509e+001
1.6125000000e-004    2.5693748711e+001
1.6433000000e-004    2.5911761694e+001
1.6489000000e-004    2.2285454716e+001
1.6142000000e-004    1.6442692361e+001
1.5239000000e-004    1.0237613745e+001
1.3626000000e-004    5.3665299123e+000
1.1428000000e-004    3.0726878125e+000
1.1051000000e-004    3.9722651537e+000
1.4168000000e-004    8.0109093802e+000
1.8000000000e-004    1.4540096260e+001
1.9253000000e-004    2.2487603255e+001
1.6606000000e-004    3.0587014925e+001
1.2478000000e-004    3.7626952952e+001
9.5560000000e-005    4.2680859253e+001
1.0043000000e-004    4.5282046133e+001
1.5898000000e-004    4.5516140700e+001
2.1472000000e-004    4.4013990271e+001
2.1850000000e-004    4.1842331444e+001
2.8935000000e-004    4.0306082828e+001
3.7983000000e-004    4.0692949457e+001
4.1714000000e-004    4.4005061073e+001
4.0536000000e-004    5.0730063289e+001
3.6654000000e-004    6.0702338117e+001
3.2197000000e-004    7.3092253398e+001
2.8778000000e-004    8.6538318627e+001
2.7363000000e-004    9.9407392712e+001
2.8440000000e-004    1.1013756141e+002
3.4429000000e-004    1.1759415005e+002
4.4862000000e-004    1.2135831777e+002
5.0238000000e-004    1.2187429990e+002
6.0538000000e-004    1.2040637770e+002
6.1944000000e-004    1.1879633294e+002
6.4103000000e-004    1.1905864770e+002
6.4777000000e-004    1.2289355503e+002
7.5681000000e-004    1.3122644056e+002
9.1761000000e-004    1.4388760027e+002
1.0916000000e-003    1.5952523650e+002
1.3642100000e-003    1.7579918076e+002
1.6182800000e-003    1.8984162389e+002
1.8604400000e-003    1.9890715391e+002
2.1434300000e-003    2.0108250898e+002
2.6411100000e-003    1.9589988149e+002
3.0632600000e-003    1.8470466589e+002
3.4853500000e-003    1.7067025663e+002
3.9698300000e-003    1.5842186927e+002
4.4956900000e-003    1.5331446702e+002
4.8688400000e-003    1.6048874742e+002
4.9444700000e-003    1.8388570235e+002
5.1838300000e-003    2.2542053654e+002
5.5236700000e-003    2.8449428997e+002
6.0124300000e-003    3.5795931580e+002
6.4582000000e-003    4.4056487413e+002
6.7265300000e-003    5.2581025866e+002
6.9492400000e-003    6.0704646611e+002
7.2628400000e-003    6.7861268879e+002
7.6988600000e-003    7.3678353180e+002
8.0528400000e-003    7.8033990422e+002
8.3855900000e-003    8.1065360723e+002
8.8174300000e-003    8.3127636675e+002
8.8961400000e-003    8.4712666110e+002
8.9798500000e-003    8.6344986777e+002
9.2905300000e-003    8.8477116745e+002
9.6826200000e-003    9.1405697668e+002
1.0169560000e-002    9.5225070767e+002
1.0579440000e-002    9.9826392314e+002
1.0868930000e-002    1.0494036154e+003
1.1251210000e-002    1.1021227550e+003
1.1626550000e-002    1.1529149153e+003
1.1915070000e-002    1.1991487022e+003
1.2233360000e-002    1.2396583931e+003
1.2419290000e-002    1.2749677423e+003
1.2600890000e-002    1.3071096839e+003
1.2763150000e-002    1.3390957379e+003
1.2907160000e-002    1.3741648003e+003
1.3100260000e-002    1.4149852807e+003
1.3337990000e-002    1.4629885203e+003
1.3918340000e-002    1.5179758276e+003
1.4412840000e-002    1.5780759109e+003
1.5107610000e-002    1.6400499887e+003
1.5715410000e-002    1.6998668262e+003
1.6110120000e-002    1.7534159125e+003
1.6611570000e-002    1.7972048723e+003
1.7149670000e-002    1.8289000807e+003
1.7650930000e-002    1.8476122609e+003
1.8327220000e-002    1.8538900405e+003
1.8903970000e-002    1.8494490318e+003
1.9404540000e-002    1.8367172493e+003
1.9905940000e-002    1.8183085600e+003
2.0432410000e-002    1.7965393450e+003
2.0979640000e-002    1.7730813824e+003
2.1603470000e-002    1.7488036878e+003
2.2175230000e-002    1.7238087591e+003
2.2614820000e-002    1.6976260272e+003
2.3133670000e-002    1.6694966430e+003
2.3682880000e-002    1.6386739898e+003
2.4195330000e-002    1.6046732477e+003
2.4523240000e-002    1.5674261349e+003
2.5026950000e-002    1.5273258920e+003
2.5574590000e-002    1.4851744402e+003
2.6098510000e-002    1.4420619004e+003
2.6570780000e-002    1.3992151204e+003
2.6979100000e-002    1.3578471559e+003
2.7433140000e-002    1.3190276599e+003
2.7907430000e-002    1.2835804445e+003
2.8379480000e-002    1.2520044669e+003
2.8858670000e-002    1.2244115895e+003
2.9351470000e-002    1.2004790985e+003
2.9850470000e-002    1.1794244756e+003
3.0312490000e-002    1.1600195501e+003
3.0781410000e-002    1.1406656422e+003
3.1322740000e-002    1.1195467887e+003
3.1931110000e-002    1.0948636187e+003
3.2593850000e-002    1.0651284524e+003
3.3315190000e-002    1.0294783699e+003
3.4032980000e-002    9.8794463827e+002
3.4730450000e-002    9.4161088495e+002
3.5453730000e-002    8.9260310010e+002
3.6200970000e-002    8.4388211885e+002
3.6986530000e-002    7.9884914936e+002
3.7742610000e-002    7.6081868057e+002
3.8409910000e-002    7.3245013806e+002
3.9099910000e-002    7.1524991681e+002
3.9855900000e-002    7.0925208252e+002
4.0625480000e-002    7.1295754445e+002
4.1457080000e-002    7.2356238684e+002
4.2355970000e-002    7.3744621672e+002
4.3139340000e-002    7.5083404485e+002
4.3744460000e-002    7.6050379536e+002
4.4418350000e-002    7.6439644218e+002
4.5195850000e-002    7.6200169165e+002
4.5974210000e-002    7.5443668174e+002
4.6709950000e-002    7.4419917083e+002
4.7444070000e-002    7.3464613473e+002
4.8200930000e-002    7.2930793431e+002
4.8958280000e-002    7.3118363947e+002
4.9685530000e-002    7.4216637517e+002
5.0414310000e-002    7.6271771351e+002
5.1134180000e-002    7.9185386648e+002
5.1805050000e-002    8.2743659493e+002
5.2498570000e-002    8.6669437024e+002
5.3201570000e-002    9.0684983338e+002
5.3930000000e-002    9.4570918169e+002
5.4685420000e-002    9.8208209531e+002
5.5491200000e-002    1.0159436597e+003
5.6199400000e-002    1.0483119588e+003
5.6921130000e-002    1.0808817145e+003
5.7773590000e-002    1.1155098373e+003
5.8674400000e-002    1.1536802529e+003
5.9587480000e-002    1.1960760633e+003
6.0533320000e-002    1.2423575891e+003
6.1481510000e-002    1.2911929303e+003
6.2356570000e-002    1.3405263150e+003
6.3336960000e-002    1.3880135528e+003
6.4336390000e-002    1.4315165701e+003
6.5415050000e-002    1.4695386230e+003
6.6527960000e-002    1.5015000083e+003
6.7498750000e-002    1.5277956085e+003
6.8387140000e-002    1.5496296554e+003
6.9323070000e-002    1.5686762268e+003
7.0458030000e-002    1.5866534176e+003
7.1550960000e-002    1.6049158376e+003
7.2648630000e-002    1.6241609027e+003
7.3790930000e-002    1.6443125619e+003
7.4848000000e-002    1.6646002921e+003
7.5907950000e-002    1.6838031437e+003
7.6929270000e-002    1.7005901472e+003
7.7867140000e-002    1.7138684751e+003
7.8927490000e-002    1.7230534262e+003
8.0062940000e-002    1.7281978259e+003
8.1267280000e-002    1.7299560275e+003
8.2580050000e-002    1.7293993707e+003
8.3813930000e-002    1.7277352175e+003
8.5041790000e-002    1.7260021588e+003
8.6255990000e-002    1.7248154405e+003
8.7460810000e-002    1.7242198590e+003
8.8642870000e-002    1.7236776613e+003
8.9980720000e-002    1.7221846411e+003
9.1409730000e-002    1.7184776310e+003
9.3072380000e-002    1.7112782306e+003
9.4762200000e-002    1.6995147014e+003
9.6286370000e-002    1.6824759950e+003
9.7945430000e-002    1.6598744633e+003
9.9644360000e-002    1.6318199846e+003
1.0144432000e-001    1.5987305887e+003
1.0335905000e-001    1.5612173001e+003
1.0529571000e-001    1.5199810786e+003
1.0704731000e-001    1.4757484013e+003
1.0903814000e-001    1.4292534965e+003
1.1107000000e-001    1.3812557413e+003
1.1317867000e-001    1.3325665788e+003
1.1536201000e-001    1.2840560109e+003
1.1757247000e-001    1.2366156751e+003
1.1966074000e-001    1.1910715886e+003
1.2183231000e-001    1.1480598299e+003
1.2391229000e-001    1.1078962455e+003
1.2584596000e-001    1.0704807510e+003
1.2785077000e-001    1.0352741964e+003
1.2989058000e-001    1.0013708484e+003
1.3212119000e-001    9.6766569650e+002
1.3445950000e-001    9.3308929304e+002
1.3683633000e-001    8.9686111945e+002
1.3910894000e-001    8.5870209672e+002
1.4110131000e-001    8.1895159750e+002
1.4307125000e-001    7.7855398067e+002
1.4498640000e-001    7.3890994380e+002
1.4671121000e-001    7.0162143638e+002
1.4866034000e-001    6.6818680685e+002
1.5077059000e-001    6.3971762336e+002
1.5291794000e-001    6.1674570507e+002
1.5496673000e-001    5.9916830373e+002
1.5697674000e-001    5.8634572016e+002
1.5903462000e-001    5.7732718731e+002
1.6101191000e-001    5.7114743315e+002
1.6306142000e-001    5.6711683108e+002
1.6523740000e-001    5.6502801315e+002
1.6748745000e-001    5.6522192940e+002
1.6979307000e-001    5.6849201910e+002
1.7220258000e-001    5.7584762549e+002
1.7461349000e-001    5.8819616630e+002
1.7690946000e-001    6.0602766842e+002
1.7956696000e-001    6.2918822626e+002
1.8274236000e-001    6.5680911633e+002
1.8580797000e-001    6.8741989160e+002
1.8844946000e-001    7.1922594921e+002
1.9111257000e-001    7.5048577193e+002
1.9375098000e-001    7.7989210041e+002
1.9641433000e-001    8.0685337312e+002
1.9882259000e-001    8.3159010451e+002
2.0118324000e-001    8.5500224604e+002
2.0371092000e-001    8.7831890062e+002
2.0595930000e-001    9.0259811012e+002
2.0850964000e-001    9.2818808490e+002
2.1129124000e-001    9.5428097537e+002
2.1389228000e-001    9.7868017000e+002
2.1650980000e-001    9.9786306378e+002
2.1919918000e-001    1.0073610014e+003
2.2172702000e-001    1.0024095320e+003
2.2439750000e-001    9.7876033558e+002
2.2696830000e-001    9.3350511680e+002
2.2968508000e-001    8.6575093181e+002
2.3227560000e-001    7.7700877792e+002
2.3461413000e-001    6.7120852682e+002
2.3719994000e-001    5.5432286163e+002
2.3987603000e-001    4.3365633955e+002
2.4245332000e-001    3.1691794934e+002
2.4517370000e-001    2.1123411617e+002
2.4783034000e-001    1.2226684531e+002
2.5051674000e-001    5.3578050802e+001
ENDATA


0.0000000000e+000    -5.9964443576e+000
-2.4500000000e-005    -5.2567220370e+000
1.2306000000e-004    -2.9763981763e+000
2.5033000000e-004    7.8183254239e-001
3.4364000000e-004    5.8130103189e+000
4.0814000000e-004    1.1792400208e+001
4.5272000000e-004    1.8310787873e+001
4.8609000000e-004    2.4918762882e+001
5.1719000000e-004    3.1175234789e+001
5.5546000000e-004    3.6694998682e+001
6.1007000000e-004    4.1190284581e+001
6.8346000000e-004    4.4501869915e+001
7.7066000000e-004    4.6616433408e+001
8.6366000000e-004    4.7668263909e+001
9.3685000000e-004    4.7925058945e+001
9.6242000000e-004    4.7759188712e+001
1.0095400000e-003    4.7607296686e+001
1.1381800000e-003    4.7922309897e+001
1.2685200000e-003    4.9122723813e+001
1.3602900000e-003    5.1544334192e+001
1.4722500000e-003    5.5399384925e+001
1.6107600000e-003    6.0747410082e+001
1.6477900000e-003    6.7480939404e+001
1.6603400000e-003    7.5327817216e+001
1.7457100000e-003    8.3870290456e+001
1.7188000000e-003    9.2579402390e+001
1.6840500000e-003    1.0086173499e+002
1.8357200000e-003    1.0811431300e+002
2.1150200000e-003    1.1378262919e+002
2.2654700000e-003    1.1741635260e+002
2.4079400000e-003    1.1871737772e+002
2.4191800000e-003    1.1757545825e+002
2.4581200000e-003    1.1408769760e+002
2.6583900000e-003    1.0855955356e+002
2.9039900000e-003    1.0148664194e+002
3.2278100000e-003    9.3518354378e+001
3.5095700000e-003    8.5405991975e+001
3.8405500000e-003    7.7939611275e+001
4.1240900000e-003    7.1878949191e+001
4.3440600000e-003    6.7884528453e+001
4.7232400000e-003    6.6455268617e+001
4.9116500000e-003    6.7878602997e+001
5.2723600000e-003    7.2198236969e+001
5.6597800000e-003    7.9203331079e+001
6.0858000000e-003    8.8441149461e+001
6.6068800000e-003    9.9253213234e+001
7.1416900000e-003    1.1083290082e+002
7.7262000000e-003    1.2230041942e+002
8.2585300000e-003    1.3278931348e+002
8.6860700000e-003    1.4153734260e+002
9.1157600000e-003    1.4797379222e+002
9.3037400000e-003    1.5179517133e+002
9.5412000000e-003    1.5302184837e+002
9.7540700000e-003    1.5202946270e+002
9.6349300000e-003    1.4955084877e+002
9.6313300000e-003    1.4664658586e+002
9.7072800000e-003    1.4464495175e+002
9.7523200000e-003    1.4505478964e+002
9.9035700000e-003    1.4945735181e+002
9.9401100000e-003    1.5938532163e+002
1.0072690000e-002    1.7619872186e+002
1.0307940000e-002    2.0096812575e+002
1.0434990000e-002    2.3437539331e+002
1.0490970000e-002    2.7664103715e+002
1.0374310000e-002    3.2748533938e+002
1.0383330000e-002    3.8612764127e+002
1.0495170000e-002    4.5132502904e+002
1.0595790000e-002    5.2144822061e+002
1.0738480000e-002    5.9458912927e+002
1.0981660000e-002    6.6869165470e+002
1.1339500000e-002    7.4169501891e+002
1.1579700000e-002    8.1167765493e+002
1.1817590000e-002    8.7698942205e+002
1.2171330000e-002    9.3636081401e+002
1.2530590000e-002    9.8897978983e+002
1.2861550000e-002    1.0345297271e+003
1.3093740000e-002    1.0731855188e+003
1.3486180000e-002    1.1055686789e+003
1.3819740000e-002    1.1326661180e+003
1.4102800000e-002    1.1557206302e+003
1.4531910000e-002    1.1761037549e+003
1.4933990000e-002    1.1951832719e+003
1.5282610000e-002    1.2141979848e+003
1.5724800000e-002    1.2341516017e+003
1.6299420000e-002    1.2557354900e+003
1.6791840000e-002    1.2792870865e+003
1.7330860000e-002    1.3047870583e+003
1.8059410000e-002    1.3318943318e+003
1.8650210000e-002    1.3600142277e+003
1.9236700000e-002    1.3883915801e+003
1.9825600000e-002    1.4162182174e+003
2.0433430000e-002    1.4427428145e+003
2.1181630000e-002    1.4673710400e+003
2.1900180000e-002    1.4897451177e+003
2.2711800000e-002    1.5097942900e+003
2.3536160000e-002    1.5277509381e+003
2.4275760000e-002    1.5441309441e+003
2.4984040000e-002    1.5596808400e+003
2.5651230000e-002    1.5752979530e+003
2.6354580000e-002    1.5919327185e+003
2.7117420000e-002    1.6104842547e+003
2.7967680000e-002    1.6317009739e+003
2.8744030000e-002    1.6560973498e+003
2.9434460000e-002    1.6838960555e+003
3.0137520000e-002    1.7150017321e+003
3.0877830000e-002    1.7490089918e+003
3.1607330000e-002    1.7852433058e+003
3.2262710000e-002    1.8228296381e+003
3.2882320000e-002    1.8607805049e+003
3.3487640000e-002    1.8980929256e+003
3.4091180000e-002    1.9338427679e+003
3.4638140000e-002    1.9672653852e+003
3.5113720000e-002    1.9978131687e+003
3.5563430000e-002    2.0251834992e+003
3.5995260000e-002    2.0493142502e+003
3.6451940000e-002    2.0703480386e+003
3.6974110000e-002    2.0885703589e+003
3.7564690000e-002    2.1043300936e+003
3.8242080000e-002    2.1179532445e+003
3.8924450000e-002    2.1296617784e+003
3.9534520000e-002    2.1395090606e+003
4.0121060000e-002    2.1473414749e+003
4.0679000000e-002    2.1527927017e+003
4.1234240000e-002    2.1553130750e+003
4.1795840000e-002    2.1542319422e+003
4.2456980000e-002    2.1488465421e+003
4.3189550000e-002    2.1385271328e+003
4.3988080000e-002    2.1228254293e+003
4.4903750000e-002    2.1015722197e+003
4.5715300000e-002    2.0749505247e+003
4.6512100000e-002    2.0435328539e+003
4.7203760000e-002    2.0082748111e+003
4.7914870000e-002    1.9704621352e+003
4.8637670000e-002    1.9316136977e+003
4.9426030000e-002    1.8933484193e+003
5.0286460000e-002    1.8572288490e+003
5.1168620000e-002    1.8245977051e+003
5.2035570000e-002    1.7964255159e+003
5.2895600000e-002    1.7731873424e+003
5.3735850000e-002    1.7547843333e+003
5.4591790000e-002    1.7405217140e+003
5.5448070000e-002    1.7291491423e+003
5.6341400000e-002    1.7189627364e+003
5.7270740000e-002    1.7079612144e+003
5.8154240000e-002    1.6940422305e+003
5.8996910000e-002    1.6752198935e+003
5.9869750000e-002    1.6498412176e+003
6.0787130000e-002    1.6167783297e+003
6.1730290000e-002    1.5755748265e+003
6.2668020000e-002    1.5265286637e+003
6.3561490000e-002    1.4707000259e+003
6.4468930000e-002    1.4098401707e+003
6.5406960000e-002    1.3462455041e+003
6.6367760000e-002    1.2825492492e+003
6.7386650000e-002    1.2214701218e+003
6.8490610000e-002    1.1655426525e+003
6.9621330000e-002    1.1168565460e+003
7.0672870000e-002    1.0768324061e+003
7.1662740000e-002    1.0460581792e+003
7.2645080000e-002    1.0242050451e+003
7.3780840000e-002    1.0100337224e+003
7.5019240000e-002    1.0014930548e+003
7.6333320000e-002    9.9590322403e+002
7.7714720000e-002    9.9020701180e+002
7.9052590000e-002    9.8126516377e+002
8.0282590000e-002    9.6616690372e+002
8.1479030000e-002    9.4252458306e+002
8.2793430000e-002    9.0872259478e+002
8.4105110000e-002    8.6409496153e+002
8.5306450000e-002    8.0901301458e+002
8.6495290000e-002    7.4487360669e+002
8.7696180000e-002    6.7398841399e+002
8.8930500000e-002    5.9938501804e+002
9.0257450000e-002    5.2453954488e+002
9.1694270000e-002    4.5306769778e+002
9.3188770000e-002    3.8840529205e+002
9.4697910000e-002    3.3351041073e+002
9.6165270000e-002    2.9061692861e+002
9.7624830000e-002    2.6106363910e+002
9.9043380000e-002    2.4521514762e+002
1.0051798000e-001    2.4248092849e+002
1.0208093000e-001    2.5142853175e+002
1.0371107000e-001    2.6997699490e+002
1.0535524000e-001    2.9564814030e+002
1.0718017000e-001    3.2584752961e+002
1.0892013000e-001    3.5814404419e+002
1.1053837000e-001    3.9051766603e+002
1.1217179000e-001    4.2154897487e+002
1.1402607000e-001    4.5053071163e+002
1.1584522000e-001    4.7749072466e+002
1.1772674000e-001    5.0312571373e+002
1.1960382000e-001    5.2865528925e+002
1.2159376000e-001    5.5561484244e+002
1.2364484000e-001    5.8561256918e+002
1.2562512000e-001    6.2007993766e+002
1.2770543000e-001    6.6004549203e+002
1.2957366000e-001    7.0595907133e+002
1.3144181000e-001    7.5758761006e+002
1.3340478000e-001    8.1399533996e+002
1.3543560000e-001    8.7361137663e+002
1.3745548000e-001    9.3437746662e+002
1.3944391000e-001    9.9395925517e+002
1.4149884000e-001    1.0499968934e+003
1.4343323000e-001    1.1003660083e+003
1.4538428000e-001    1.1434185793e+003
1.4749956000e-001    1.1781752864e+003
1.4967420000e-001    1.2044462181e+003
1.5174885000e-001    1.2228648639e+003
1.5379538000e-001    1.2348301587e+003
1.5575048000e-001    1.2423618968e+003
1.5761867000e-001    1.2478848686e+003
1.5944984000e-001    1.2539654448e+003
1.6130850000e-001    1.2630300640e+003
1.6298790000e-001    1.2770974748e+003
1.6456467000e-001    1.2975553453e+003
1.6622554000e-001    1.3250070687e+003
1.6789018000e-001    1.3592067875e+003
1.6963571000e-001    1.3990906849e+003
1.7151107000e-001    1.4429015739e+003
1.7344086000e-001    1.4883930146e+003
1.7512304000e-001    1.5330898439e+003
1.7709322000e-001    1.5745752219e+003
1.7928025000e-001    1.6107708872e+003
1.8125844000e-001    1.6401777248e+003
1.8344488000e-001    1.6620479866e+003
1.8537305000e-001    1.6764681331e+003
1.8784445000e-001    1.6843414715e+003
1.9046963000e-001    1.6872713903e+003
1.9292511000e-001    1.6873577326e+003
1.9505372000e-001    1.6869293402e+003
1.9708684000e-001    1.6882437997e+003
1.9931524000e-001    1.6931899556e+003
2.0156019000e-001    1.7030292220e+003
2.0373600000e-001    1.7182079809e+003
2.0575948000e-001    1.7382657337e+003
2.0771277000e-001    1.7618529625e+003
2.0955995000e-001    1.7868600216e+003
2.1156563000e-001    1.8106452091e+003
2.1370980000e-001    1.8303379903e+003
2.1572396000e-001    1.8431835574e+003
2.1785793000e-001    1.8468887317e+003
2.2005424000e-001    1.8399274448e+003
2.2241071000e-001    1.8217670170e+003
2.2445443000e-001    1.7929840067e+003
2.2632381000e-001    1.7552498106e+003
2.2826478000e-001    1.7111803161e+003
2.3015848000e-001    1.6640592338e+003
2.3199475000e-001    1.6174596075e+003
2.3375715000e-001    1.5748007490e+003
2.3542183000e-001    1.5388869796e+003
2.3716251000e-001    1.5114789657e+003
2.3892487000e-001    1.4929474615e+003
2.4085086000e-001    1.4820528393e+003
2.4298760000e-001    1.4758824203e+003
2.4517486000e-001    1.4699623645e+003
2.4737945000e-001    1.4585432546e+003
2.4974969000e-001    1.4350403085e+003
2.5225450000e-001    1.3925922894e+003
2.5478613000e-001    1.3246894643e+003
2.5738582000e-001    1.2258119152e+003
2.5997495000e-001    1.0920162020e+003
2.6235567000e-001    9.2141129837e+002
2.6441278000e-001    7.1447372689e+002
2.6639690000e-001    4.7416611127e+002
2.6834251000e-001    2.0584160364e+002
2.7030620000e-001    -8.3062961875e+001
2.7297221000e-001    -3.8352181622e+002
2.7582273000e-001    -6.8556096212e+002
2.7848234000e-001    -9.7898819039e+002
2.8126579000e-001    -1.2541464409e+003
2.8398893000e-001    -1.5026216239e+003
2.8689257000e-001    -1.7178398537e+003
2.8965179000e-001    -1.8954993098e+003
2.9241084000e-001    -2.0337976528e+003
2.9522321000e-001    -2.1334355388e+003
2.9792062000e-001    -2.1973983516e+003
3.0047934000e-001    -2.2305396515e+003
3.0298609000e-001    -2.2390088926e+003
3.0555724000e-001    -2.2295807649e+003
3.0821783000e-001    -2.2089526128e+003
3.1091401000e-001    -2.1830788516e+003
3.1361004000e-001    -2.1566069348e+003
3.1622601000e-001    -2.1324686683e+003
3.1862364000e-001    -2.1116646477e+003
3.2117658000e-001    -2.0932599338e+003
3.2396719000e-001    -2.0745877933e+003
3.2661429000e-001    -2.0516375530e+003
3.2908644000e-001    -2.0195844404e+003
3.3149071000e-001    -1.9734055143e+003
3.3390255000e-001    -1.9085177664e+003
3.3637241000e-001    -1.8213729478e+003
3.3871657000e-001    -1.7099487297e+003
3.4102028000e-001    -1.5740868545e+003
3.4327726000e-001    -1.4156447859e+003
3.4564673000e-001    -1.2384463701e+003
3.4805653000e-001    -1.0480372131e+003
3.5043316000e-001    -8.5126981397e+002
ENDATA



