0.00000000  29.06657333
0.00020613  19.65653537
0.00050423  11.06519896
0.00066342  5.02104006
0.00094223  2.93256268
0.00108139  5.58340320
0.00109528  24.28496260
0.00114765  79.04019152
0.00127372  88.86334959
0.00134758  96.56242837
0.00158132  102.93624003
0.00188235  109.02046838
0.00218029  115.75277646
0.00241701  123.64065513
0.00269509  132.57716872
0.00281285  141.77255568
0.00311847  150.07025060
0.00333040  156.15350016
0.00338188  159.10999117
0.00338734  156.27539987
0.00350455  153.37490878
0.00368757  157.52107716
0.00369862  169.96777901
0.00371613  222.12237936
0.00390611  259.74684538
0.00416807  300.89384596
0.00436798  340.96135149
0.00461385  375.20475414
0.00494982  399.59518893
0.00526863  411.63157537
0.00564811  411.07062649
0.00604044  399.99601802
0.00625919  382.54361660
0.00642693  364.37586135
0.00652050  351.48719073
0.00671596  349.21841791
0.00692797  361.10282650
0.00712377  388.30259735
0.00736025  429.40202250
0.00772173  480.67433756
0.00807908  536.68278222
0.00815037  591.26812766
0.00823966  639.08919364
0.00839619  676.16773596
0.00868439  700.67104165
0.00899936  712.99518075
0.00918134  715.60054764
0.00952656  712.75902149
0.00991471  709.05661411
0.01033053  708.83846184
0.01079266  715.36159714
0.01126913  730.21964699
0.01167984  753.18864129
0.01204184  782.54353153
0.01239609  815.51269197
0.01273881  848.88592017
0.01306442  879.71179338
0.01349688  905.94810418
0.01399251  926.49971211
0.01452405  941.40323347
0.01495428  951.50039406
0.01540981  958.42242118
0.01583139  963.74000494
0.01621822  968.82093168
0.01663212  974.59968187
0.01711169  981.43495890
0.01761988  989.16277382
0.01812160  997.38839559
0.01865287  1005.80682435
0.01924600  1014.33284951
0.01983389  1023.09591463
0.02024176  1032.38301625
0.02079648  1043.10171056
0.02132703  1055.51610099
0.02172671  1069.58445799
0.02218471  1085.05702296
0.02265631  1100.89425707
0.02313729  1115.68971532
0.02363797  1127.91312463
0.02409602  1136.15896988
0.02456641  1139.70369702
0.02502864  1138.54026020
0.02550357  1133.60212264
0.02595319  1126.54746409
0.02642275  1119.63412964
0.02692144  1115.16752286
0.02748993  1115.11599669
0.02810920  1120.60327068
0.02864646  1131.58360704
0.02913957  1147.10052463
0.02960097  1165.23525199
0.03002946  1183.47970217
0.03051202  1199.33999046
0.03097719  1210.54941960
0.03152554  1215.88784858
0.03213081  1215.08265283
0.03268858  1208.90868822
0.03327942  1199.32815174
0.03390355  1188.80037013
0.03448032  1179.80772770
0.03500615  1174.55391329
0.03561846  1174.62884243
0.03627680  1180.39071183
0.03702552  1191.23588285
0.03775218  1205.47547065
0.03840930  1220.92279399
0.03907113  1235.39080082
0.03975559  1246.91027965
0.04044451  1254.10647309
0.04109015  1256.42048443
0.04176684  1254.34080698
0.04238796  1248.91636190
0.04295683  1241.80441965
0.04352171  1234.86966830
0.04411035  1229.75564612
0.04471598  1227.58661264
0.04532308  1228.83219782
0.04589588  1233.26312139
0.04645280  1240.14497952
0.04702821  1248.39572711
0.04764583  1256.80802919
0.04826219  1264.22741048
0.04894179  1269.96730661
0.04968564  1273.69879018
0.05033833  1275.33331631
0.05102790  1275.49442882
0.05172150  1274.79935533
0.05233800  1273.82672806
0.05289715  1273.15055811
0.05346859  1273.17205706
0.05403378  1273.91394971
0.05469393  1275.32847806
0.05538044  1277.02677884
0.05606099  1278.66425835
0.05673563  1280.04883912
0.05747775  1281.26547337
0.05830229  1282.51832997
0.05904500  1283.92216619
0.05976471  1285.91491074
0.06045323  1288.76027715
0.06117951  1292.62036913
0.06195013  1297.30892700
0.06274937  1302.34277767
0.06351810  1306.98799858
0.06424744  1310.51725854
0.06505845  1312.48326547
0.06600624  1312.62211974
0.06688361  1310.70649246
0.06767827  1307.18044759
0.06844976  1302.93737672
0.06925775  1299.07835975
0.07002295  1296.52682384
0.07073874  1296.08456156
0.07148773  1298.26675740
0.07227843  1302.98374990
0.07310568  1309.61816581
0.07393243  1317.10927919
0.07481428  1324.31557391
0.07573995  1330.05323879
0.07676323  1333.51269852
0.07777522  1334.13969991
0.07887241  1332.21071713
0.07992841  1328.22850925
0.08089468  1323.17862173
0.08184814  1318.36609953
0.08279685  1314.90333758
0.08373693  1313.56149078
0.08465957  1314.63340562
0.08559304  1317.95167009
0.08650865  1322.84172273
0.08739806  1328.39166306
0.08824330  1333.62958066
0.08913760  1337.89680234
0.09004550  1340.68417740
0.09103200  1342.00289349
0.09206466  1342.08382127
0.09322247  1341.53662168
0.09442971  1340.82399795
0.09566655  1340.37655362
0.09680582  1340.25364925
0.09803974  1340.67533580
0.09915111  1341.09507088
0.10025506  1341.31661508
0.10135492  1341.05530089
0.10256850  1340.38220028
0.10371550  1339.24938258
0.10482737  1338.15994068
0.10609983  1337.99347794
0.10744699  1339.22860545
0.10877011  1342.09878930
0.11004911  1346.54646473
0.11143174  1352.26782882
0.11288753  1358.29624999
0.11435002  1363.36576283
0.11587112  1366.38859184
0.11735618  1366.39304058
0.11872855  1363.00075873
0.12011369  1356.81327754
0.12150326  1348.92142432
0.12294753  1340.96340087
0.12435302  1334.51387210
0.12574229  1331.03425329
0.12727732  1331.53776446
0.12895863  1335.95891731
0.13058127  1343.06016045
0.13206082  1351.04888288
0.13376474  1358.40535162
0.13552678  1363.03186298
0.13724661  1363.52379167
0.13894264  1359.58238322
0.14055422  1351.85836966
0.14224841  1342.21060786
0.14416204  1332.95129335
0.14604337  1325.82012057
0.14763083  1321.92526879
0.14959356  1322.53616673
0.15157428  1326.31161227
0.15407019  1331.93510095
0.15734112  1337.12978655
0.16097078  1338.73508566
0.16459405  1334.41218949
0.16837635  1323.91604344
