0.00000000  26.92562350
0.00002908  18.22701693
0.00020176  9.32170096
0.00042331  1.37321670
0.00053468  -4.58629728
0.00061300  -7.74443494
0.00078864  -7.57647659
0.00114793  -3.87888014
0.00162304  3.22539133
0.00211240  13.30389289
0.00251378  25.65767059
0.00273908  39.38752985
0.00284733  53.48468010
0.00295669  66.92677343
0.00306200  78.75785777
0.00315607  88.17311284
0.00324752  94.58712629
0.00331716  97.67610186
0.00339245  97.40675347
0.00348955  94.02708376
0.00357081  88.03392825
0.00361213  80.13026020
0.00363267  71.16036847
0.00363460  62.02633825
0.00369362  41.87340341
0.00379141  39.55982090
0.00389568  39.88737246
0.00398256  42.74161330
0.00401955  47.76776550
0.00421213  54.42310261
0.00437869  62.00593430
0.00451222  82.82567919
0.00464445  87.03239316
0.00487888  89.27572895
0.00530909  89.58800724
0.00574278  88.27163642
0.00636132  85.95465418
0.00680025  83.48199269
0.00696658  81.93569961
0.00718317  82.56948552
0.00742798  86.65864499
0.00765933  95.43247765
0.00793496  109.98935894
0.00813198  131.17878353
0.00814559  589.43695882
0.00832958  649.13738947
0.00843844  754.10344162
0.00882977  797.13070602
0.00917374  832.48367421
0.00943262  859.70507617
0.00990524  879.02130873
0.01019696  890.43061073
0.01036972  894.65617882
0.01044837  892.66983526
0.01059249  885.76900602
0.01062802  875.07759814
0.01074484  862.08219739
0.01105540  848.15661376
0.01130719  834.25684124
0.01135526  821.27833859
0.01151662  810.29381770
0.01163764  801.75914452
0.01174581  796.04907749
0.01182616  793.28533570
0.01191405  793.43754394
0.01198664  796.27489394
0.01207113  801.49715476
0.01214679  808.70457298
0.01221282  817.49836397
0.01241896  827.63125032
0.01274728  838.78278783
0.01306234  850.61717233
0.01350439  863.12769504
0.01384942  876.09498230
0.01455813  889.98780365
0.01516025  904.53277035
0.01578007  920.02641691
0.01618256  936.45938108
0.01679253  954.43019094
0.01754463  974.05932430
0.01838507  995.42062836
0.01896211  1018.20905157
0.01940516  1042.50484758
0.01991795  1068.39170997
0.02056056  1095.73259616
0.02139003  1124.31821682
0.02214390  1153.51410440
0.02294382  1183.06071980
0.02366657  1212.38312623
0.02423197  1240.92855237
0.02481197  1268.45315033
0.02530446  1294.38700765
0.02595104  1318.62216522
0.02650176  1340.43924237
0.02709475  1359.65427751
0.02781581  1376.05395724
0.02859113  1389.24149247
0.02923594  1398.69692867
0.02984516  1404.32984715
0.03045645  1406.02227431
0.03103763  1403.61744775
0.03161409  1397.11033590
0.03215836  1386.50619849
0.03273566  1372.03680660
0.03324623  1353.81697727
0.03389597  1332.49707806
0.03479740  1308.71247530
0.03567403  1282.71127943
0.03653001  1255.23967133
0.03749304  1227.29750877
0.03849571  1199.71466957
0.03939448  1173.28596113
0.04028911  1149.10875410
0.04146976  1128.45091161
0.04264438  1111.83469116
0.04374444  1099.92760151
0.04470117  1093.23676611
0.04564614  1092.29077345
0.04666515  1097.34650768
0.04762310  1108.18789847
0.04859864  1124.60152661
0.04945328  1145.91173508
0.05040663  1171.65583489
0.05137857  1200.87758605
0.05239073  1232.62574837
0.05344992  1265.87124156
0.05451327  1299.51119186
0.05553810  1332.47715103
0.05640294  1363.67320688
0.05723256  1392.45585786
0.05805499  1418.21076858
0.05893611  1440.54799914
0.05990915  1459.20521890
0.06087167  1473.88285144
0.06190399  1484.68999777
0.06273574  1491.33322437
0.06383643  1494.70729090
0.06502151  1494.78817668
0.06614750  1491.63429290
0.06712373  1485.38243340
0.06828416  1476.77926153
0.06952695  1465.88813241
0.07068201  1452.64309049
0.07165623  1437.07325390
0.07267452  1419.65786730
0.07371114  1400.52266019
0.07457574  1379.60552434
0.07552277  1357.52702537
0.07661488  1334.71264170
0.07773165  1311.43905384
0.07897747  1288.38650851
0.08026675  1266.08276983
0.08151182  1245.14114655
0.08271334  1226.34183361
0.08385155  1210.45239337
0.08491579  1198.21793383
0.08608156  1190.52045297
0.08749031  1188.06385642
0.08903790  1191.08529929
0.09048527  1199.44833924
0.09191181  1213.15269669
0.09324791  1231.76504833
0.09467540  1254.91417042
0.09597402  1281.50729513
0.09751532  1311.01835845
0.09894673  1341.86168777
0.10042869  1373.04269146
0.10200124  1403.41500768
0.10341639  1431.49028887
0.10473895  1456.33963396
0.10619713  1477.46967992
0.10765598  1494.08878186
0.10891095  1505.54132541
0.11022000  1512.12251660
0.11141373  1513.73210328
0.11263402  1510.95372567
0.11398135  1504.47550225
0.11514865  1494.48381767
0.11636664  1482.02579601
0.11764234  1467.79848047
0.11899721  1452.45205775
0.12049085  1436.57773335
0.12188849  1420.20189517
0.12329387  1403.68554314
0.12484711  1387.28280198
0.12628084  1370.55273413
0.12770149  1353.49014794
0.12922992  1336.06481741
0.13066448  1317.83324112
0.13202868  1298.73804217
0.13351101  1279.06292780
0.13504744  1258.93117881
0.13658647  1238.68294778
0.13807007  1218.85394906
0.13953092  1200.27233099
0.14097829  1183.87125730
0.14255897  1170.81428942
0.14416659  1161.95319080
0.14592631  1158.30758521
0.14769366  1160.38285153
0.14930936  1168.37084080
0.15088543  1182.39710492
0.15238431  1201.97171991
0.15409348  1226.52608381
0.15579596  1254.41611189
0.15736139  1283.64728437
0.15907025  1312.37936310
0.16071825  1337.88736010
0.16276206  1358.18665685
0.16504891  1370.49491990
0.16664384  1371.10408359
0.16810884  1358.69634101
0.16953606  1331.80505225
0.17150734  1290.19817822
0.17376133  1233.17348366
0.17597561  1160.73520274
0.17843904  1074.39223614
0.18104819  975.88368009
0.18415525  868.01419246
0.18718532  753.24006684
0.19006644  634.95856120
0.19297738  516.91365233
0.19538621  402.46341780
0.19770098  295.25894770
