0.02081250  0.00000000  5.31905572  13.58323221
0.02082915  0.00027803  9.09250680  13.58323221
0.02084580  0.00049139  9.09250680  10.05717627
0.02086245  0.00061446  12.86595721  5.95074374
0.02087910  0.00069344  12.86595721  5.85982408
0.02089575  0.00080811  16.63940663  6.27556225
0.02091240  0.00090256  24.18630746  5.19261250
0.02092905  0.00098158  54.37391111  5.48766123
0.02094570  0.00108479  43.05355987  6.90212920
0.02096235  0.00121077  69.46771708  7.28757506
0.02097900  0.00132792  50.60046070  6.00479409
0.02099565  0.00141134  43.05355987  4.22493494
0.02101230  0.00146924  35.50665904  3.44845846
0.02102895  0.00152616  31.73320829  3.69295850
0.02104560  0.00159214  12.86595721  3.31697444
0.02106225  0.00163700  20.41285705  1.50115355
0.02107890  0.00164272  20.41285705  0.82627052
0.02109555  0.00166473  20.41285705  2.42482113
0.02111220  0.00172275  12.86595721  3.47664746
0.02112885  0.00177954  16.63940663  4.65541925
0.02114550  0.00187875  20.41285705  5.61198601
0.02116215  0.00196330  24.18630746  4.31154268
0.02117880  0.00202414  16.63940663  7.40307818
0.02119545  0.00220757  31.73320829  11.18508929
0.02121210  0.00239592  61.92081194  9.75580872
0.02122875  0.00253351  43.05355987  11.92599938
0.02124540  0.00279111  69.46771708  16.17092507
0.02126205  0.00307181  77.01461791  16.75863033
0.02127870  0.00334882  88.33496915  14.69981025
0.02129535  0.00356337  95.88186998  12.08535266
0.02131200  0.00375172  126.06947363  9.92340814
0.02132865  0.00389399  129.84292438  8.63978261
0.02134530  0.00404060  141.16326766  9.04778532
0.02136195  0.00419540  148.71016849  6.95044041
0.02137860  0.00427143  152.48361891  4.41618364
0.02139525  0.00434483  152.48361891  6.80375071
0.02141190  0.00449579  144.93671808  8.53025045
0.02142855  0.00462072  137.38981725  18.07368543
0.02144520  0.00509660  122.29602322  20.42982803
0.02146185  0.00528875  133.61636683  15.54275231
0.02147850  0.00564615  141.16326766  16.29148813
0.02149515  0.00587098  129.84292438  19.38460896
0.02151180  0.00620502  193.99157413  12.98490968
0.02152845  0.00632446  235.49952902  2.78162806
0.02154510  0.00631323  250.59333101  -5.81622708
0.02156175  0.00612485  239.27297944  -5.86315899
0.02157840  0.00611224  220.40572736  -4.11178386
0.02159505  0.00601533  261.91368226  -0.60013293
0.02161170  0.00617326  295.87475224  13.60424614
0.02162835  0.00645338  360.02340995  21.48922494
0.02164500  0.00682535  371.34376119  23.18280998
0.02166165  0.00727665  393.98446401  22.64084685
0.02167830  0.00755505  401.53136484  20.59078281
0.02169495  0.00790309  446.81277048  6.63237254
0.02171160  0.00780738  446.81277048  -3.46045370
0.02172825  0.00777541  405.30481559  6.62099724
0.02174490  0.00803345  348.70305871  16.40315073
0.02176155  0.00831703  344.92960829  18.98194546
0.02177820  0.00862634  356.24995954  21.16229790
0.02179485  0.00900077  329.83580630  22.15555084
0.02181150  0.00939743  333.60925672  20.75728988
0.02182815  0.00970794  439.26586965  16.86981412
0.02184480  0.00995485  548.69593267  11.44990635
0.02186145  0.01007647  624.16494196  10.75737806
0.02187810  0.01033394  688.31359967  13.85699316
0.02189475  0.01052714  729.82155456  5.73777877
0.02191140  0.01053343  718.50120332  1.58390928
0.02192805  0.01058136  718.50120332  3.82689993
0.02194470  0.01065531  692.08705008  6.04009232
0.02196135  0.01078932  661.89944643  11.38964366
0.02197800  0.01102685  643.03219403  12.39032225
0.02199465  0.01120208  658.12599602  10.62674773
0.02201130  0.01137312  710.95430249  9.05034673
0.02202795  0.01152321  726.04810415  11.33010337
0.02204460  0.01174587  767.55605937  9.52038364
0.02206125  0.01182907  831.70471708  4.53594575
0.02207790  0.01190919  835.47816750  8.61305373
0.02209455  0.01210578  843.02506833  13.81274576
0.02211120  0.01236958  873.21267197  17.76583830
0.02212785  0.01270066  880.75957280  20.42813415
0.02214450  0.01304451  884.53302322  17.64698244
0.02216115  0.01329632  903.40027562  14.94169088
0.02217780  0.01353397  914.72062687  16.24642208
0.02219445  0.01384088  929.81442886  17.33277038
0.02221110  0.01410541  952.45513167  14.88772143
0.02222775  0.01434023  971.32238375  13.18307017
0.02224440  0.01454763  978.86928491  12.54274782
0.02226105  0.01475729  993.96308657  14.84291690
0.02227770  0.01503970  982.64273532  16.45056310
0.02229435  0.01530105  990.18963615  19.90138085
0.02231100  0.01570055  956.22858209  24.30395221
0.02232765  0.01611551  990.18963615  25.25918447
0.02234430  0.01654292  990.18963615  25.64738814
0.02236095  0.01696654  1001.50998740  24.18748339
0.02237760  0.01734620  1016.60378939  21.79936268
0.02239425  0.01770211  1035.47104146  20.00503735
0.02241090  0.01799904  1046.79139303  21.86346065
0.02242755  0.01842149  1069.43209585  24.74877110
0.02244420  0.01882903  1084.52589751  23.03365414
0.02246085  0.01919277  1095.84624876  23.30012333
0.02247750  0.01960322  1107.16660033  26.31408472
0.02249415  0.02006728  1110.94005075  29.40039219
0.02251080  0.02057951  1110.94005075  31.20827650
0.02252745  0.02110186  1110.94005075  31.55685450
0.02254410  0.02163097  1099.61969950  31.44070608
0.02256075  0.02215745  1088.29934793  31.81296941
0.02257740  0.02269152  1092.07279834  33.94983642
0.02259405  0.02328318  1065.65864511  39.34407898
0.02261070  0.02398599  1088.29934793  38.71742894
0.02262735  0.02458409  1095.84624876  36.80389448
0.02264400  0.02521248  1099.61969950  37.08954431
0.02266065  0.02581696  1126.03385240  32.30625546
0.02267730  0.02629390  1144.90110481  27.28725383
0.02269395  0.02672790  1152.44800564  27.06449504
0.02271060  0.02719462  1159.99490680  29.05871249
0.02272725  0.02769897  1167.54180763  31.44318461
0.02274390  0.02824861  1171.31525804  32.97176365
0.02276055  0.02879802  1167.54180763  35.28547879
0.02277720  0.02941501  1163.76835721  38.95143789
0.02279385  0.03008857  1159.99490680  39.82872530
0.02281050  0.03074026  1159.99490680  38.13908290
0.02282715  0.03136311  1144.90110481  37.22245076
0.02284380  0.03197892  1122.26040199  38.24992543
0.02286045  0.03263596  1144.90110481  40.32481906
0.02287710  0.03332412  1133.58075357  41.33884545
0.02289375  0.03401162  1148.67455522  41.08726509
0.02291040  0.03469313  1167.54180763  38.25072424
0.02292705  0.03528321  1190.18251045  36.22293783
0.02294370  0.03589261  1182.63560929  36.74702840
0.02296035  0.03651123  1190.18251045  37.23650627
0.02297700  0.03713275  1193.95596086  38.02772012
0.02299365  0.03777676  1197.72941128  38.55250426
0.02301030  0.03841730  1197.72941128  38.17368235
0.02302695  0.03904671  1197.72941128  40.44400326
0.02304360  0.03976346  1193.95596086  44.95242221
0.02306025  0.04054373  1197.72941128  45.61761203
0.02307690  0.04128472  1186.40905970  43.51671050
0.02309355  0.04199373  1171.31525804  41.65211845
0.02311020  0.04267180  1182.63560929  40.02913603
0.02312685  0.04332479  1159.99490680  38.22174996
0.02314350  0.04394689  1182.63560929  35.98173424
0.02316015  0.04452448  1193.95596086  34.38054066
0.02317680  0.04509094  1193.95596086  36.13408264
0.02319345  0.04572834  1197.72941128  41.79082327
0.02321010  0.04649152  1212.82321294  46.01982970
0.02322675  0.04725824  1209.04976252  44.79427212
0.02324340  0.04797882  1212.82321294  43.17090316
0.02326005  0.04869252  1216.59666335  45.20654907
0.02327670  0.04947235  1212.82321294  45.66274514
0.02329335  0.05021569  1216.59666335  43.78837846
0.02331000  0.05093832  1212.82321294  44.36340998
0.02332665  0.05169405  1212.82321294  45.22630433
0.02334330  0.05244308  1197.72941128  44.54336540
0.02335995  0.05317332  1209.04976252  43.52978143
0.02337660  0.05389686  1182.63560929  42.65317130
0.02339325  0.05459617  1205.27631211  40.85062495
0.02340990  0.05525739  1220.37011410  37.88116142
0.02342655  0.05585808  1212.82321294  36.21400480
0.02344320  0.05646464  1209.04976252  38.95170699
0.02345985  0.05715474  1220.37011410  43.09130043
0.02347650  0.05791851  1216.59666335  42.35738423
0.02349315  0.05856834  1212.82321294  44.58084963
0.02350980  0.05936624  1212.82321294  45.65235789
0.02352645  0.06008952  1216.59666335  42.97017426
0.02354310  0.06079681  1224.14356451  42.65877155
0.02355975  0.06150803  1220.37011410  44.77893197
0.02357640  0.06228918  1227.91701493  47.23421198
0.02359305  0.06308589  1227.91701493  48.39468918
0.02360970  0.06389986  1224.14356451  49.54003521
0.02362635  0.06473196  1231.69046534  51.79670454
0.02364300  0.06562169  1212.82321294  55.23536400
0.02365965  0.06657068  1239.23736617  58.27072915
0.02367630  0.06756902  1216.59666335  57.33497984
0.02369295  0.06847966  1205.27631211  54.81473204
0.02370960  0.06940041  1193.95596086  54.28381435
0.02372625  0.07028497  1205.27631211  53.13238272
0.02374290  0.07116390  1212.82321294  55.39400434
0.02375955  0.07212502  1220.37011410  60.95620990
0.02377620  0.07318526  1227.91701493  59.34325474
0.02379285  0.07410916  1231.69046534  52.92938754
0.02380950  0.07495466  1231.69046534  50.86678385
0.02382615  0.07579943  1231.69046534  51.82843581
0.02384280  0.07667684  1231.69046534  53.55987584
0.02385945  0.07758377  1227.91701493  54.70333135
0.02387610  0.07849475  1231.69046534  54.17432787
0.02389275  0.07938572  1227.91701493  53.97325180
0.02390940  0.08029833  1193.95596086  55.59699657
0.02392605  0.08123616  1216.59666335  58.11067552
0.02394270  0.08222988  1216.59666335  58.30406059
0.02395935  0.08318336  1209.04976252  59.69008980
0.02397600  0.08421664  1216.59666335  62.67651282
0.02399265  0.08527118  1220.37011410  62.37277380
0.02400930  0.08629856  1216.59666335  57.38032123
0.02402595  0.08718082  1201.50286169  53.50755756
0.02404260  0.08808698  1212.82321294  57.48449772
0.02405925  0.08908348  1224.14356451  65.03836221
0.02407590  0.09024982  1227.91701493  68.08161060
0.02409255  0.09136063  1227.91701493  67.06534616
0.02410920  0.09247460  1227.91701493  68.01574917
0.02412585  0.09363455  1231.69046534  67.18779181
0.02414250  0.09471830  1220.37011410  63.47429665
0.02415915  0.09574697  1224.14356451  57.15557797
0.02417580  0.09661081  1212.82321294  49.89569541
0.02419245  0.09739368  1205.27631211  49.64046268
0.02420910  0.09826980  1212.82321294  53.43190220
0.02422575  0.09917863  1190.18251045  56.09771587
0.02424240  0.10013923  1201.50286169  60.67110825
0.02425905  0.10119563  1212.82321294  64.37659845
0.02427570  0.10228739  1224.14356451  69.20562436
0.02429235  0.10349675  1205.27631211  77.76476306
0.02430900  0.10486120  1201.50286169  81.75773608
0.02432565  0.10622304  1205.27631211  76.02529358
0.02434230  0.10740733  1212.82321294  70.49162543
0.02435895  0.10857063  1212.82321294  65.34535630
0.02437560  0.10959009  1212.82321294  61.96087113
0.02439225  0.11063819  1212.82321294  65.98717857
0.02440890  0.11177941  1209.04976252  69.46324269
0.02442555  0.11294631  1209.04976252  71.94514678
0.02444220  0.11417570  1209.04976252  76.39054471
0.02445885  0.11548943  1201.50286169  81.99618380
0.02447550  0.11689862  1167.54180763  87.47071462
0.02449215  0.11840880  1190.18251045  88.54978939
0.02450880  0.11985712  1224.14356451  88.44978661
0.02452545  0.12135082  1186.40905970  93.76394226
0.02454210  0.12297260  1163.76835721  97.76511770
0.02455875  0.12459921  1163.76835721  96.81003620
0.02457540  0.12619319  1178.86215887  95.77363805
0.02459205  0.12778743  1190.18251045  95.27509891
0.02460870  0.12938037  1182.63560929  93.50029783
0.02462535  0.13089973  1175.08870846  94.96871186
0.02464200  0.13253230  1175.08870846  102.28648537
0.02465865  0.13431310  1175.08870846  109.90935303
0.02467530  0.13620056  1178.86215887  111.11832776
0.02469195  0.13800527  1171.31525804  108.93641482
0.02470860  0.13983171  1167.54180763  113.65436828
0.02472525  0.14179221  1159.99490680  115.29008425
0.02474190  0.14365593  1156.22145605  107.94056370
0.02475855  0.14539041  1133.58075357  105.02377875
0.02477520  0.14716111  1137.35420398  107.32449919
0.02479185  0.14896977  1163.76835721  107.32165697
0.02480850  0.15073634  1122.26040199  108.44541837
0.02482515  0.15257451  1095.84624876  111.88842433
0.02484180  0.15445632  1107.16660033  111.86858411
0.02485845  0.15629945  1114.71350116  112.47663048
0.02487510  0.15820534  1118.48695158  115.93405549
0.02489175  0.16017190  1095.84624876  120.25740139
0.02490840  0.16220520  1073.20554627  121.65775557
0.02492505  0.16420908  1080.75244710  120.72469330
0.02494170  0.16622271  1080.75244710  126.52909044
0.02495835  0.16842191  1061.88519469  129.87210207
0.02497500  0.17054863  1054.33829386  124.13794437
0.02499165  0.17254876  1043.01794262  123.74191360
0.02500830  0.17468579  1024.15069022  130.77927002
0.02502495  0.17690361  1001.50998740  129.65581957
0.02504160  0.17896110  978.86928491  119.08303804
0.02505825  0.18084940  956.22858209  115.25096502
0.02507490  0.18285219  926.04097844  105.91692192
0.02509155  0.18441798  899.62682521  100.08115968
0.02510820  0.18616228  797.74366302  90.88873189
0.02512485  0.18744527  620.39149154  62.16558410
0.02514150  0.18834946  390.21101360  -62.30429222
