0.00851200  0.00000000  43.05355987  26.29099045
0.00851865  -0.00001134  50.60046070  26.29099045
0.00852530  0.00012052  54.37391111  37.47718523
0.00853195  0.00034065  84.56151874  10.19959293
0.00853860  0.00038566  46.82701028  41.39479969
0.00854525  0.00086903  24.18630746  59.36570023
0.00855190  0.00110460  9.09250680  38.67768499
0.00855855  0.00142994  16.63940663  56.12484698
0.00856520  0.00185106  43.05355987  64.18631953
0.00857185  0.00229016  20.41285705  56.18508183
0.00857850  0.00261496  35.50665904  43.44157231
0.00858515  0.00280423  54.37391111  5.51305277
0.00859180  0.00269773  84.56151874  -16.54185221
0.00859845  0.00257384  69.46771708  -29.71236076
0.00860510  0.00232531  77.01461791  -30.26238897
0.00861175  0.00214566  92.10841957  -14.24272465
0.00861840  0.00220456  118.52257280  19.96738437
0.00862505  0.00233270  156.25706965  2.16176421
0.00863170  0.00225258  231.72607861  -11.73630930
0.00863835  0.00219646  341.15615755  -13.74709350
0.00864500  0.00201365  409.07826600  -38.89338795
0.00865165  0.00176925  443.03932007  -22.20094598
0.00865830  0.00175176  443.03932007  2.01773569
0.00866495  0.00174409  469.45347330  -5.59219385
0.00867160  0.00171995  522.28177944  7.56876808
0.00867825  0.00183282  609.07113997  21.76990720
0.00868490  0.00200808  676.99324842  29.11503118
0.00869155  0.00220104  710.95430249  17.24401505
0.00869820  0.00222949  741.14190614  -0.34223332
0.00870485  0.00219441  767.55605937  -12.50098270
0.00871150  0.00207378  835.47816750  -15.62114968
0.00871815  0.00198442  824.15781592  16.68825822
0.00872480  0.00230151  846.79851874  43.54548288
0.00873145  0.00255303  907.17372604  28.72906972
0.00873810  0.00263946  982.64273532  -10.14904432
0.00874475  0.00245975  1024.15069022  -20.72618332
0.00875140  0.00239449  1095.84624876  4.41592984
0.00875805  0.00249390  1107.16660033  13.03314688
0.00876470  0.00256937  1099.61969950  19.59267052
0.00877135  0.00275341  1088.29934793  38.34485951
0.00877800  0.00309729  1073.20554627  65.35993540
0.00878465  0.00359816  1073.20554627  70.68503518
0.00879130  0.00401913  1092.07279834  60.09169416
0.00879795  0.00438350  1058.11174428  49.76257411
0.00880460  0.00468032  1031.69759104  41.22828594
0.00881125  0.00495309  990.18963615  49.32224258
0.00881790  0.00534745  971.32238375  58.29536321
0.00882455  0.00569354  899.62682521  60.42270350
0.00883120  0.00614357  907.17372604  66.32343142
0.00883785  0.00658151  892.07992438  66.96912825
0.00884450  0.00703839  876.98612239  71.33072142
0.00885115  0.00752852  839.25161791  75.65684311
0.00885780  0.00803081  865.66577114  66.84192656
0.00886445  0.00843990  827.93126667  74.62788748
0.00887110  0.00899151  809.06401426  77.88503664
0.00887775  0.00949222  801.51711343  78.50435363
0.00888440  0.01004665  820.38436551  91.95131795
0.00889105  0.01068613  831.70471708  102.08203240
0.00889770  0.01142621  861.89232073  113.42517823
0.00890435  0.01216137  892.07992438  106.06199838
0.00891100  0.01285543  907.17372604  106.79007595
0.00891765  0.01356847  907.17372604  102.58357759
0.00892430  0.01423273  937.36132968  98.32877127
0.00893095  0.01486271  960.00203250  94.11503100
0.00893760  0.01549504  1001.50998740  91.47924846
0.00894425  0.01606835  1039.24449221  74.20647431
0.00895090  0.01651612  1073.20554627  71.50121353
0.00895755  0.01700441  1095.84624876  79.08294726
0.00896420  0.01758081  1137.35420398  88.85255597
0.00897085  0.01816948  1186.40905970  76.42119487
0.00897750  0.01858783  1216.59666335  70.35378537
0.00898415  0.01913994  1243.01081658  85.61492319
0.00899080  0.01971706  1269.42496982  90.60981413
0.00899745  0.02033995  1295.83912305  99.88394562
0.00900410  0.02105512  1310.93292504  107.74923742
0.00901075  0.02174708  1352.44087993  100.52976961
0.00901740  0.02241133  1371.30813234  111.63742683
0.00902405  0.02324083  1382.62848358  131.22088536
0.00903070  0.02413400  1378.85503317  132.61879562
0.00903735  0.02500045  1390.17538441  130.80795465
0.00904400  0.02587570  1397.72228524  132.28171245
0.00905065  0.02675996  1427.90988889  130.78118186
0.00905730  0.02761115  1412.81608723  125.09110031
0.00906395  0.02842121  1412.81608723  117.60402877
0.00907060  0.02917242  1397.72228524  108.94810467
0.00907725  0.02989203  1390.17538441  116.04035522
0.00908390  0.03071738  1348.66742952  133.18223687
0.00909055  0.03164928  1344.89397910  135.82024417
0.00909720  0.03251710  1326.02672670  128.03043992
0.00910385  0.03336076  1303.38602388  124.33939893
0.00911050  0.03416830  1269.42496982  121.86197767
0.00911715  0.03497770  1246.78426700  124.44663979
0.00912380  0.03586438  1227.91701493  137.17681068
0.00913045  0.03674802  1201.50286169  135.05200547
0.00913710  0.03767923  1167.54180763  149.57038606
0.00914375  0.03872474  1133.58075357  159.70215029
0.00915040  0.03980366  1129.80730315  163.20435654
0.00915705  0.04089071  1107.16660033  165.51193058
0.00916370  0.04199565  1107.16660033  166.26016135
0.00917035  0.04311077  1088.29934793  171.95860071
0.00917700  0.04429663  1076.97899668  181.54421880
0.00918365  0.04548393  1054.33829386  164.39073547
0.00919030  0.04649183  1046.79139303  143.58331683
0.00919695  0.04740583  1024.15069022  137.89523746
0.00920360  0.04833876  1054.33829386  143.46536243
0.00921025  0.04931013  1065.65864511  147.67045836
0.00921690  0.05029364  1076.97899668  151.40813905
0.00922355  0.05134844  1080.75244710  169.08607616
0.00923020  0.05252034  1110.94005075  174.87494595
0.00923685  0.05366928  1137.35420398  189.04478363
0.00924350  0.05504136  1163.76835721  203.93693349
0.00925015  0.05638915  1178.86215887  201.04098491
0.00925680  0.05767633  1205.27631211  188.62682584
0.00926345  0.05891731  1235.46391575  191.86774810
0.00927010  0.06019891  1239.23736617  184.32380740
0.00927675  0.06139018  1261.87806899  180.94275050
0.00928340  0.06258093  1288.29222222  167.81106151
0.00929005  0.06363298  1322.25327629  154.50688339
0.00929670  0.06462786  1333.57362753  137.34454312
0.00930335  0.06547829  1356.21433035  132.53359557
0.00931000  0.06640189  1375.08158275  145.34744898
0.00931665  0.06741306  1390.17538441  163.80267792
0.00932330  0.06856719  1393.94883483  169.39901564
0.00932995  0.06964995  1405.26918640  157.32081197
0.00933660  0.07068321  1409.04263682  157.49384082
0.00934325  0.07173052  1401.49573599  153.03911112
0.00934990  0.07272633  1420.36298806  159.76184063
0.00935655  0.07391569  1424.13643847  183.16824879
0.00936320  0.07507719  1412.81608723  184.10424179
0.00936985  0.07642117  1397.72228524  204.30219467
0.00937650  0.07773855  1405.26918640  185.21028796
0.00938315  0.07888552  1371.30813234  184.95327281
0.00938980  0.08024063  1348.66742952  218.64782791
0.00939645  0.08176618  1322.25327629  226.19631757
0.00940310  0.08323191  1310.93292504  208.06623874
0.00940975  0.08448434  1284.51877181  182.10331760
0.00941640  0.08574834  1246.78426700  197.59777190
0.00942305  0.08702931  1220.37011410  202.55236577
0.00942970  0.08846829  1193.95596086  215.43376939
0.00943635  0.08990596  1175.08870846  223.06766800
0.00944300  0.09143134  1156.22145605  229.46480072
0.00944965  0.09295963  1144.90110481  230.09997818
0.00945630  0.09448829  1148.67455522  223.46910051
0.00946295  0.09592563  1118.48695158  219.68084754
0.00946960  0.09743055  1110.94005075  231.21698679
0.00947625  0.09898851  1099.61969950  231.61847843
0.00948290  0.10049463  1103.39314992  209.13219685
0.00948955  0.10177663  1050.56484345  193.67079004
0.00949620  0.10308982  1080.75244710  199.92688750
0.00950285  0.10443328  1080.75244710  217.22191673
0.00950950  0.10597486  1080.75244710  234.41548380
0.00951615  0.10753832  1073.20554627  232.25350543
0.00952280  0.10905467  1114.71350116  219.17310106
0.00952945  0.11041084  1114.71350116  192.21485276
0.00953610  0.11171490  1133.58075357  213.09758057
0.00954275  0.11317206  1156.22145605  215.05495065
0.00954940  0.11459879  1178.86215887  217.91432277
0.00955605  0.11607020  1186.40905970  222.82978753
0.00956270  0.11754756  1205.27631211  223.04988401
0.00956935  0.11905121  1209.04976252  232.64041557
0.00957600  0.12065095  1243.01081658  244.21375696
0.00958265  0.12226907  1254.33116816  237.89833178
0.00958930  0.12383621  1276.97187065  243.64173236
0.00959595  0.12550235  1288.29222222  247.35973183
0.00960260  0.12711401  1344.89397910  241.22327468
0.00960925  0.12872811  1318.47982587  242.25838451
0.00961590  0.13032171  1326.02672670  237.45959107
0.00962255  0.13189918  1337.34707794  235.61315882
0.00962920  0.13349913  1352.44087993  260.16443934
0.00963585  0.13538872  1310.93292504  281.95475494
0.00964250  0.13716920  1333.57362753  261.97692861
0.00964915  0.13889578  1326.02672670  227.57426637
0.00965580  0.14027850  1314.70637546  215.85016770
0.00966245  0.14174650  1288.29222222  242.12416469
0.00966910  0.14346807  1292.06567264  252.99758187
0.00967575  0.14509172  1265.65151940  253.20913212
0.00968240  0.14686132  1250.55771774  267.64659686
0.00968905  0.14862145  1224.14356451  252.57552029
0.00969570  0.15023788  1212.82321294  239.61984502
0.00970235  0.15181223  1182.63560929  233.32096631
0.00970900  0.15333422  1159.99490680  225.19006436
0.00971565  0.15481494  1103.39314992  234.66154152
0.00972230  0.15645870  1103.39314992  247.07431241
0.00972895  0.15810293  1073.20554627  243.12740605
0.00973560  0.15966937  1043.01794262  252.98615184
0.00974225  0.16151879  997.73653698  294.12319367
0.00974890  0.16353318  1024.15069022  312.36279859
0.00975555  0.16562207  963.77548292  303.43882402
0.00976220  0.16761370  944.90823051  308.11577108
0.00976885  0.16967371  929.81442886  295.03458675
0.00977550  0.17155484  926.04097844  288.78542075
0.00978215  0.17351971  884.53302322  331.39711154
0.00978880  0.17632015  888.30647396  508.46573305
0.00979545  0.17990434  876.98612239  637.28010690
0.00980210  0.18489521  865.66577114  859.33068896
0.00980875  0.19122680  846.79851874  835.21055882
0.00981540  0.19608212  835.47816750  684.89258503
0.00982205  0.20014776  831.70471708  589.02056992
0.00982870  0.20407682  846.79851874  573.42703350
0.00983535  0.20782951  812.83746468  579.45909409
0.00984200  0.21164225  793.97021227  536.61582048
0.00984865  0.21493427  771.32950978  512.65663074
0.00985530  0.21863437  748.68880697  556.62446466
0.00986195  0.22226017  646.80564478  530.51712853
0.00986860  0.22569005  605.29768955  540.52765850
0.00987525  0.22941319  480.77382454  536.20742641
0.00988190  0.23282799  292.10130182  546.02604472
0.00988855  0.23666829  39.28010945  591.50287637
0.00989520  0.24076006  -164.48621924  627.42173673
